== v2_c13_eq10 against v2_c13_sp30 (paper_v2/v260925h/sp_v2_c13); dE, dSOM, dLIT in %; 23 towers
        dE_y1  dE_last  dE_all   dSOM    dLIT  dKGEln  dbeta  dalpha    dr
site                                                                      
BR-Npw -68.14   -68.23  -66.99 -36.60  -54.72    1.47  -2.46   -2.60  0.00
CA-SCB  -3.89    -5.56   -2.64  -1.16  -54.50   -0.04  -0.02   -0.04  0.02
DE-Hte  -3.71     5.93    0.32 -10.07   49.47    0.03   0.00    0.00 -0.01
DE-SfN  31.76    30.81   29.95   5.64   41.35   -0.39   3.63    1.79 -0.02
DE-Zrk  41.77    29.06   34.99   6.21   56.48   -0.30   0.89    0.35  0.00
FI-Lom  33.54    28.38   30.87   4.31   68.92   -0.01   0.26    0.30 -0.07
FI-Si2  24.15    16.72   21.07   2.91   79.76    0.01   0.24    0.15 -0.01
FI-Sii  34.05    40.49   33.71   4.61   89.09   -0.25   0.49    0.33 -0.02
FR-LGt  13.11    29.65   18.72   3.22   31.95   -0.13   2.05    0.07  0.06
JP-BBY  18.51    18.45   21.25   2.93   25.22   -0.08   0.27    0.17  0.04
MY-MLM   1.55     8.83    4.95  -6.25  242.88    0.07   1.04   -4.86 -0.04
NZ-Kop -14.21   -13.40  -14.10  -2.60  -43.15    0.19  -0.98   -0.55 -0.01
SE-Deg  38.26    29.67   37.48   6.19   60.79   -0.43   0.49    0.56 -0.06
US-Los  37.34    31.52   35.26   5.22   55.97   -0.43   2.94    1.58  0.01
US-Myb -11.24   -11.61  -11.59  -0.88  -40.81    0.17  -0.32   -0.24 -0.02
US-Sne  -3.44    -3.68   -3.41   1.47  -36.02    0.06  -0.15   -0.18  0.00
US-Srr -63.29   -62.45  -63.15 -23.40  -53.70    1.39 -30.08  -31.94 -0.09
US-StJ  -0.87    -0.87   -0.87   0.71   58.46    0.06  -0.09   -0.42 -0.00
US-Tw1 -15.68    -2.21  -11.29 -10.10  -26.65    0.11  -0.20   -0.11 -0.03
US-Tw4 -14.44    -2.79  -10.42  -7.67  -23.17    0.09  -0.23   -0.07 -0.00
US-Tw5 -13.76   -13.76  -13.76  -7.70  -28.06    0.05  -0.16   -0.14 -0.01
US-Uaf  33.62    21.53   39.51   3.49  -44.02   -0.48  13.78   13.21  0.12
US-WPT  40.36    35.42   38.92   8.25   78.33    0.45   0.15    0.07 -0.04
median |d|: dE_y1 18.51  dE_last 18.45  dE_all 21.07  dSOM 5.22  dLIT 53.70  dKGEln 0.13  dbeta 0.32  dalpha 0.30  dr 0.02
max    |d|: dE_y1 68.14  dE_last 68.23  dE_all 66.99  dSOM 36.60  dLIT 242.88  dKGEln 1.47  dbeta 30.08  dalpha 31.94  dr 0.12
20 non-saline, median score change: KGE_ln +0.002  beta +0.251  alpha +0.071  r -0.007

