== v2_k4_sasu10 against v2_k4_sasu5 (paper_v2/v260925r/sp_v2_c22); dE, dSOM, dLIT in %; 23 towers
        dE_y1  dE_last  dE_all  dSOM  dLIT  dKGEln  dbeta  dalpha    dr
site                                                                   
BR-Npw  -0.51    -0.47   -0.42  0.02 -0.16    0.00  -0.02   -0.02 -0.00
CA-SCB   3.61    -1.41   -0.10 -0.09 -1.13   -0.01   0.00   -0.01 -0.01
DE-Hte  -2.80     0.58   -0.18 -0.72 -1.61   -0.00   0.00   -0.00  0.00
DE-SfN   1.18    -2.18   -0.33 -0.24 -2.05    0.03  -0.02   -0.04  0.04
DE-Zrk  -0.52     0.09   -0.77 -0.19 -2.04   -0.03  -0.00   -0.00 -0.03
FI-Lom  -5.98     5.51   -1.18 -0.30 -1.70   -0.03  -0.00   -0.01 -0.01
FI-Si2  -1.06    -0.74   -1.38 -0.44 -2.03   -0.02  -0.01   -0.01 -0.01
FI-Sii  -2.37     0.72   -0.80 -0.24 -2.19    0.01  -0.00    0.01 -0.01
FR-LGt  -0.22     0.29   -0.07 -0.40 -1.60   -0.04   0.05    0.02 -0.04
JP-BBY   1.44     0.07   -0.51 -0.15  0.00    0.01  -0.00    0.01 -0.00
MY-MLM  -0.83    -0.92   -0.87 -0.41 -0.64    0.01  -0.14   -0.38  0.00
NZ-Kop  -2.44    -1.69   -1.41 -0.49 -1.40   -0.02  -0.03   -0.02 -0.03
SE-Deg   0.12     2.53    0.63 -0.27 -1.87    0.00  -0.00    0.00 -0.01
US-Los  -1.00     3.36   -1.58 -0.20 -1.90    0.01  -0.02   -0.01  0.00
US-Myb  -1.60    -1.61   -0.82 -0.46 -1.10    0.01  -0.01   -0.01  0.01
US-Sne  -1.27    -0.65   -1.02 -0.40 -1.21    0.01  -0.02   -0.01  0.00
US-Srr  -1.40    -0.89   -1.43 -0.98 -1.26    0.01  -0.67   -0.27 -0.00
US-StJ  -2.39    -2.39   -2.39 -0.70 -2.16    0.03  -0.13   -0.13  0.00
US-Tw1  -0.90    -0.32   -0.55 -0.50 -0.94    0.00  -0.01   -0.00 -0.00
US-Tw4  -0.88    -0.38   -0.39 -0.39 -0.88    0.00  -0.00   -0.00  0.00
US-Tw5  -0.88    -0.88   -0.88 -0.45 -0.91   -0.01  -0.01   -0.00 -0.00
US-Uaf  -1.77    -1.51   -1.63 -0.72 -2.47    0.02  -0.52   -0.50  0.00
US-WPT  -5.14     2.67   -1.17 -0.18   NaN   -0.06  -0.00   -0.00  0.07
median |d|: dE_y1 1.27  dE_last 0.89  dE_all 0.82  dSOM 0.40  dLIT 1.50  dKGEln 0.01  dbeta 0.01  dalpha 0.01  dr 0.00
max    |d|: dE_y1 5.98  dE_last 5.51  dE_all 2.39  dSOM 0.98  dLIT 2.47  dKGEln 0.06  dbeta 0.67  dalpha 0.50  dr 0.07
20 non-saline, median score change: KGE_ln +0.003  beta -0.006  alpha -0.006  r -0.001

