== v2_c22_sasu10 against v2_c22_sasu5 (paper_v2/v260925r/sp_v2_c22); dE, dSOM, dLIT in %; 23 towers
        dE_y1  dE_last  dE_all  dSOM  dLIT  dKGEln  dbeta  dalpha    dr
site                                                                   
BR-Npw  -0.54    -0.57   -0.54 -0.13 -0.37    0.01  -0.03   -0.03 -0.00
CA-SCB   2.04     0.37    1.30  0.17  0.78   -0.01   0.01    0.01 -0.01
DE-Hte  -5.72    -0.69   -2.99 -2.80 -4.90   -0.02  -0.01   -0.00  0.00
DE-SfN  -5.04    -4.17   -4.52 -0.50 -4.87    0.07  -0.23   -0.13  0.02
DE-Zrk  -4.50    -1.74   -3.43 -0.35 -6.16   -0.04  -0.01   -0.00 -0.01
FI-Lom  -0.06    -0.06    0.21 -0.10 -0.06   -0.00   0.00   -0.00 -0.01
FI-Si2  -6.74    -3.85   -4.90 -1.56 -6.39   -0.04  -0.05   -0.03  0.01
FI-Sii  -2.53    -3.82   -3.63 -0.62 -5.80   -0.04  -0.02   -0.01 -0.00
FR-LGt  -4.06   -12.48   -6.30 -1.06 -4.05    0.07  -0.50    0.01  0.04
JP-BBY   0.34     0.02    0.12 -0.13  0.00    0.00   0.00    0.00 -0.00
MY-MLM  -1.36    -1.25   -1.31 -0.57 -0.98    0.02  -0.28   -0.58 -0.00
NZ-Kop  -1.92    -1.09   -1.41 -0.72 -1.53    0.01  -0.08   -0.05 -0.01
SE-Deg  -3.38    -1.15   -4.29 -0.85 -6.62   -0.05  -0.02   -0.01 -0.03
US-Los  -4.57    -2.60   -3.48 -0.44 -6.35    0.04  -0.07   -0.05 -0.00
US-Myb  -2.23    -3.62   -1.51 -0.79 -1.89    0.02  -0.03   -0.02  0.00
US-Sne  -2.31    -1.32   -2.32 -0.65 -1.94    0.02  -0.06   -0.03 -0.00
US-Srr  -2.07    -2.27   -2.47 -1.89 -2.13    0.03  -1.92   -1.10 -0.00
US-StJ  -5.36    -5.36   -5.36 -1.39 -5.03    0.08  -0.27   -0.28  0.00
US-Tw1  -1.64    -0.58   -0.79 -0.85 -1.48    0.01  -0.01   -0.01  0.00
US-Tw4  -1.50    -0.45   -0.88 -0.67 -1.26    0.01  -0.02   -0.01  0.00
US-Tw5  -1.52    -1.52   -1.52 -0.80 -1.49    0.00  -0.02   -0.01 -0.00
US-Uaf  -1.16    -1.09   -1.10 -0.59 -1.61    0.02  -0.58   -0.47 -0.00
US-WPT  22.54   -10.45    4.43 -0.18   NaN    0.16   0.00    0.00 -0.10
median |d|: dE_y1 2.23  dE_last 1.32  dE_all 2.32  dSOM 0.65  dLIT 1.92  dKGEln 0.02  dbeta 0.03  dalpha 0.01  dr 0.00
max    |d|: dE_y1 22.54  dE_last 12.48  dE_all 6.30  dSOM 2.80  dLIT 6.62  dKGEln 0.16  dbeta 1.92  dalpha 1.10  dr 0.10
20 non-saline, median score change: KGE_ln +0.008  beta -0.025  alpha -0.009  r -0.001

