== v2_c13_eq40 against v2_c13_sp30 (paper_v2/v260925h/sp_v2_c13); dE, dSOM, dLIT in %; 23 towers
        dE_y1  dE_last  dE_all   dSOM   dLIT  dKGEln  dbeta  dalpha    dr
site                                                                     
BR-Npw  79.38    93.35   85.50  41.63   2.43   -0.88   3.23    3.29  0.05
CA-SCB   4.19     3.74    3.35   1.63  17.01    0.04   0.03    0.03 -0.01
DE-Hte  -2.89    -0.56   -2.48   4.22 -48.83    0.00  -0.00    0.00  0.01
DE-SfN  -9.32   -10.98  -10.55  -2.63 -11.24    0.17  -1.33   -0.63  0.02
DE-Zrk -10.20   -12.51  -11.77  -2.82 -13.20    0.10  -0.31   -0.11 -0.01
FI-Lom  -9.43    -8.99   -9.57  -2.13  -7.82   -0.05  -0.08   -0.09  0.05
FI-Si2  -5.98    -8.07   -6.99  -1.71  -7.18   -0.07  -0.07   -0.06 -0.01
FI-Sii -12.39   -10.99  -11.02  -2.32 -14.19    0.02  -0.16   -0.10 -0.00
FR-LGt  -3.29    -9.71   -5.47  -1.57  -3.22    0.04  -0.71    0.05 -0.01
JP-BBY  -8.04    -5.74   -6.92  -1.57  -6.73   -0.03  -0.09   -0.07 -0.02
MY-MLM  -8.90    -9.59   -9.23   0.03 -18.84    0.10  -2.67   -1.29 -0.02
NZ-Kop  11.14    11.24   11.62   3.44  -3.76   -0.18   0.81    0.85  0.05
SE-Deg -10.86   -10.82  -12.12  -2.88 -12.16    0.06  -0.16   -0.15  0.02
US-Los -12.21   -10.59  -11.69  -2.56 -14.78    0.17  -0.98   -0.52 -0.01
US-Myb   6.16   -12.39    0.13   2.43  -6.26    0.03  -0.01   -0.06  0.06
US-Sne  -4.07    -6.88   -5.35   0.74 -12.40    0.04  -0.19    0.03 -0.02
US-Srr  42.58    43.16   48.39  20.98   9.25   -0.42  23.30   11.71  0.03
US-StJ  -0.92    -0.92   -0.92  -0.72 -26.14    0.01  -0.07   -0.08 -0.01
US-Tw1  -5.81    -0.61   -2.68   7.53 -23.53    0.04  -0.05   -0.02  0.03
US-Tw4  -8.26    -1.11   -2.50   5.92 -27.23    0.04  -0.03   -0.10  0.03
US-Tw5  -5.08    -5.08   -5.08   6.22 -22.50    0.04  -0.06   -0.04  0.00
US-Uaf  -3.62    -3.64   -1.24  -0.60   7.83    0.08  -0.63   -2.57 -0.03
US-WPT -19.40   -15.20  -15.32  -3.57 -21.95   -0.21  -0.05   -0.03  0.00
median |d|: dE_y1 8.26  dE_last 9.59  dE_all 6.99  dSOM 2.56  dLIT 12.40  dKGEln 0.05  dbeta 0.16  dalpha 0.09  dr 0.02
max    |d|: dE_y1 79.38  dE_last 93.35  dE_all 85.50  dSOM 41.63  dLIT 48.83  dKGEln 0.88  dbeta 23.30  dalpha 11.71  dr 0.06
20 non-saline, median score change: KGE_ln +0.039  beta -0.084  alpha -0.067  r +0.000

