== v2_c17_sp40 against v2_c17_sp30 (paper_v2/v260925k/sp_v2_c17); dE, dSOM, dLIT in %; 23 towers
         dE_y1  dE_last  dE_all   dSOM   dLIT  dKGEln  dbeta  dalpha    dr
site                                                                      
BR-Npw  104.24    84.02   88.18  10.37  28.31    0.59   0.48    0.53 -0.01
CA-SCB   22.71    26.42   25.71   1.26  28.24    0.32   0.08    0.08  0.02
DE-Hte   32.35    28.32   32.49   2.40  23.72    0.33   0.03    0.02  0.01
DE-SfN   14.87     8.97   11.28   0.16  11.78   -0.13   0.41    0.18  0.01
DE-Zrk    4.07     3.10    4.73  -0.08  13.73    0.06   0.02    0.01 -0.03
FI-Lom   15.55    16.92   15.41   0.17  27.66    0.21   0.03    0.04 -0.01
FI-Si2   27.83    23.67   24.52   0.58  21.79    0.30   0.11    0.09 -0.03
FI-Sii   15.94    12.60   14.92   0.01  24.89    0.19   0.05    0.04  0.01
FR-LGt   25.10    24.19   24.93   1.10  15.19   -0.29   1.10    0.57 -0.02
JP-BBY   18.91    24.13   23.54   1.03   8.09    0.18   0.12    0.05  0.01
MY-MLM   58.31    62.79   60.41   6.72  -6.63   -0.71   8.39   18.13  0.06
NZ-Kop   51.92    42.72   46.58   1.22  25.86   -0.39   0.92    0.36 -0.07
SE-Deg   13.49    10.70   13.36   0.05  23.96    0.17   0.04    0.04  0.02
US-Los    6.80     6.04    7.00  -0.06  17.23   -0.07   0.10    0.08 -0.01
US-Myb   82.33    69.21   76.93   1.09  25.28    0.60   0.43    0.32  0.02
US-Sne   73.88    57.36   63.75   0.79  23.88    0.23   0.56    0.30 -0.01
US-Srr  152.43   119.53  122.93   5.38  28.09   -1.02   4.83    4.51  0.10
US-StJ   65.57    65.57   65.57   0.87  20.97   -0.75   0.96    1.06  0.01
US-Tw1   74.63    41.12   53.97   3.27  21.99    0.08   0.43    0.36  0.03
US-Tw4   60.42    40.45   48.59   2.92  20.95   -0.41   0.47    0.54 -0.04
US-Tw5   72.16    72.16   72.16   2.75  22.10    0.73   0.30    0.26  0.09
US-Uaf   19.67    20.43   20.39   0.20  30.73   -0.26   1.29    0.86 -0.02
US-WPT   -4.00   -25.73   -7.18  -0.31    NaN    0.05  -0.00    0.00 -0.12
median |d|: dE_y1 27.83  dE_last 26.42  dE_all 25.71  dSOM 1.03  dLIT 22.91  dKGEln 0.29  dbeta 0.41  dalpha 0.26  dr 0.02
max    |d|: dE_y1 152.43  dE_last 119.53  dE_all 122.93  dSOM 10.37  dLIT 30.73  dKGEln 1.02  dbeta 8.39  dalpha 18.13  dr 0.12
20 non-saline, median score change: KGE_ln +0.128  beta +0.353  alpha +0.218  r -0.009

