== v2_c13_eq00 against v2_c13_sp30 (paper_v2/v260925h/sp_v2_c13); dE, dSOM, dLIT in %; 23 towers
         dE_y1  dE_last  dE_all   dSOM    dLIT  dKGEln  dbeta  dalpha    dr
site                                                                       
BR-Npw  -75.79   -83.13  -71.52 -41.45  -96.60    0.82  -2.70   -3.18 -0.50
CA-SCB  -48.02   -21.84   -5.80  -1.61  -85.33   -0.05  -0.15    0.02  0.19
DE-Hte  -57.55    -2.15   -2.79 -12.95  -46.98   -0.04  -0.00   -0.00 -0.10
DE-SfN  160.76   136.79  152.05   7.81  346.76   -1.36  18.60    8.99  0.05
DE-Zrk  261.70   101.25  171.09   8.76  612.96   -1.23   4.32    1.94 -0.07
FI-Lom   77.54    76.72  114.72   5.86  237.73   -0.47   0.98    1.21 -0.01
FI-Si2   80.81    49.72   78.45   3.14  218.30   -0.43   0.91    0.70 -0.08
FI-Sii  137.73    94.86  128.61   5.81  379.96   -0.98   1.86    1.36 -0.03
FR-LGt   32.57   243.11  104.04   4.38  107.93   -0.91  12.32    4.62  0.47
JP-BBY   88.04    65.42  105.77   3.02  205.52   -0.79   1.36    1.13  0.09
MY-MLM  -11.34    -3.22   -7.55  -6.55   -3.26    0.21  -1.10  -10.39 -0.24
NZ-Kop  -37.83   -17.86  -19.69  -2.28  -86.29    0.01  -1.37    0.04 -0.32
SE-Deg  166.09    88.66  146.96   8.44  319.50   -1.49   2.03    2.81 -0.28
US-Los  184.64    94.75  145.15   6.87  385.77   -1.53  12.12   11.60 -0.10
US-Myb  -27.56   -17.51   -3.75  -0.48  -75.48    0.11  -0.03   -0.38  0.04
US-Sne   15.91    28.53   31.01   2.37  -60.54   -0.29   1.30    0.15  0.07
US-Srr  -88.67   -80.83  -77.69 -28.79  -94.80    2.35 -36.84  -42.78  0.03
US-StJ  -36.09   -36.09  -36.09   1.29    8.38    0.89  -2.31   -3.69  0.09
US-Tw1  -51.41   -13.40  -13.39 -11.96  -80.19    0.24  -0.27   -0.25  0.09
US-Tw4  -47.17    -9.51   -5.72  -8.83  -76.14   -0.00   0.09   -0.28 -0.18
US-Tw5  -47.12   -47.12  -47.12  -8.91  -78.43   -1.00  -0.56   -0.70 -0.18
US-Uaf    7.60    31.63   54.87   5.32  -68.66   -0.78  19.68   28.06  0.14
US-WPT  346.42   170.39  255.04  12.40  829.30    1.51   0.99    0.63 -0.16
median |d|: dE_y1 57.55  dE_last 49.72  dE_all 71.52  dSOM 6.55  dLIT 94.80  dKGEln 0.79  dbeta 1.36  dalpha 1.21  dr 0.10
max    |d|: dE_y1 346.42  dE_last 243.11  dE_all 255.04  dSOM 41.45  dLIT 829.30  dKGEln 2.35  dbeta 36.84  dalpha 42.78  dr 0.50
20 non-saline, median score change: KGE_ln -0.447  beta +0.983  alpha +0.664  r -0.049

