== v2_c18_sp40 against v2_c18_sp30 (paper_v2/v260925l/sp_v2_c18); dE, dSOM, dLIT in %; 23 towers
         dE_y1  dE_last  dE_all  dSOM   dLIT  dKGEln  dbeta  dalpha    dr
site                                                                     
BR-Npw  139.67   124.42  124.89  7.40  29.82    1.10   0.30    0.29  0.10
CA-SCB   24.14    22.78   24.25  0.86  29.91    0.32   0.05    0.07  0.03
DE-Hte   61.21    35.29   43.69  1.79  26.28    0.43   0.02    0.02  0.02
DE-SfN   18.80    19.21   18.92  0.27  16.01   -0.18   0.50    0.16 -0.02
DE-Zrk   12.12     9.03   12.22  0.09  14.64    0.08   0.03    0.01 -0.05
FI-Lom   19.98    22.50   20.40  0.27  27.57    0.28   0.03    0.04  0.01
FI-Si2   33.26    27.52   29.46  0.59  23.55    0.34   0.10    0.08 -0.01
FI-Sii   26.74    15.19   20.92  0.12  25.49    0.26   0.04    0.05 -0.00
FR-LGt   21.58    35.22   23.92  1.22  16.47   -0.28   0.85    0.36 -0.07
JP-BBY   20.70    26.55   26.02  1.06  11.65    0.22   0.11    0.05 -0.00
MY-MLM   94.01   120.16  105.77  6.52   0.74   -0.95  10.30   16.27  0.13
NZ-Kop   73.95    62.64   66.48  0.97  28.02   -0.38   0.67    0.47 -0.09
SE-Deg   24.30    20.20   21.90  0.16  24.53    0.26   0.04    0.05  0.03
US-Los   21.54    16.56   20.90  0.12  17.14    0.02   0.22    0.15 -0.00
US-Myb  213.90   125.44  166.36  0.97  27.22    1.33   0.28    0.26  0.16
US-Sne  115.98   101.05   99.56  0.74  26.17    0.79   0.41    0.28  0.01
US-Srr  382.92   158.92  138.48  3.57  29.69    0.20   0.79   -0.02  0.11
US-StJ   85.52    85.52   85.52  1.08  20.90   -0.52   0.92    1.00  0.02
US-Tw1  132.05    91.17  107.67  2.62  24.99    0.83   0.44    0.40  0.12
US-Tw4   92.40    86.42   90.17  2.39  24.17    0.58   0.50    0.43  0.11
US-Tw5  126.14   126.14  126.14  2.28  24.84    1.06   0.26    0.24  0.24
US-Uaf   31.28    27.09   29.29  0.19  31.18   -0.33   1.16    0.84 -0.00
US-WPT    7.80   -14.82   10.14 -0.12    NaN    0.26   0.00    0.00 -0.05
median |d|: dE_y1 33.26  dE_last 35.22  dE_all 29.46  dSOM 0.97  dLIT 24.91  dKGEln 0.33  dbeta 0.28  dalpha 0.16  dr 0.03
max    |d|: dE_y1 382.92  dE_last 158.92  dE_all 166.36  dSOM 7.40  dLIT 31.18  dKGEln 1.33  dbeta 10.30  dalpha 16.27  dr 0.24
20 non-saline, median score change: KGE_ln +0.263  beta +0.270  alpha +0.199  r +0.004

