== v2_c17b_sp40 against v2_c17b_sp30 (paper_v2/v260925n/sp_v2_c1718b); dE, dSOM, dLIT in %; 23 towers
        dE_y1  dE_last  dE_all   dSOM   dLIT  dKGEln  dbeta  dalpha    dr
site                                                                     
BR-Npw  90.16   108.75   99.57  41.07   2.53   -0.96   3.39    3.42  0.06
CA-SCB   7.72     7.29    7.67   1.74  22.26    0.08   0.05    0.05 -0.00
DE-Hte  -3.50     4.78    2.71   6.10 -17.14    0.03   0.01    0.00 -0.02
DE-SfN  -0.41     0.57    0.40  -0.05  -1.99   -0.01   0.03    0.04  0.01
DE-Zrk  -0.21     0.15   -0.18  -0.17  -1.65    0.01  -0.00    0.00  0.00
FI-Lom   1.55    -0.36    1.21   0.74  -0.36    0.02   0.01    0.01  0.02
FI-Si2  -5.14    -1.54   -3.74   1.05 -18.42   -0.04  -0.04   -0.03 -0.00
FI-Sii   3.10    -0.22    1.72   0.28 -12.52    0.02   0.01    0.00 -0.00
FR-LGt   0.05     5.60    1.34   0.80  -0.76   -0.00   0.09   -0.10 -0.01
JP-BBY  -1.52    -0.94   -2.10   0.37  -2.34   -0.01  -0.02    0.00 -0.01
MY-MLM  -2.16    -2.36   -2.25   2.17 -17.88    0.02  -0.55   -0.18 -0.01
NZ-Kop  22.07    22.88   22.72   4.69  -5.11   -0.24   1.19    0.59  0.02
SE-Deg   0.27    -0.29   -0.78   0.33 -19.05    0.00  -0.00    0.00 -0.00
US-Los  -1.49    -0.66   -0.96  -0.11 -16.43    0.01  -0.02   -0.00 -0.00
US-Myb  26.25    -8.33   12.27   4.03  -7.00   -0.07   0.22    0.05  0.11
US-Sne   4.22    -6.54   -1.72   2.78 -14.50   -0.01  -0.06    0.02 -0.07
US-Srr  71.07    62.84   73.84  19.73   9.02   -0.62  28.20   16.22  0.04
US-StJ  12.12    12.12   12.12   1.88 -38.17   -0.16   0.50    0.52 -0.01
US-Tw1  -1.67    -1.86   -0.89   8.23 -25.43    0.03  -0.02   -0.02  0.03
US-Tw4  -4.93    -2.70   -2.10   6.96 -29.74    0.06  -0.03   -0.13  0.02
US-Tw5  -1.24    -1.24   -1.24   7.16 -24.60    0.01  -0.02   -0.01  0.01
US-Uaf   5.32     5.29    6.12   1.43  18.08   -0.08   1.12    0.66  0.03
US-WPT -22.05   -10.81  -14.17  -0.54 -24.88   -0.16  -0.00   -0.00 -0.02
median |d|: dE_y1 3.50  dE_last 2.70  dE_all 2.10  dSOM 1.74  dLIT 16.43  dKGEln 0.03  dbeta 0.03  dalpha 0.03  dr 0.01
max    |d|: dE_y1 90.16  dE_last 108.75  dE_all 99.57  dSOM 41.07  dLIT 38.17  dKGEln 0.96  dbeta 28.20  dalpha 16.22  dr 0.11
20 non-saline, median score change: KGE_ln +0.000  beta -0.002  alpha +0.003  r +0.001

