FI-Sii: month           1      2      3      4      5      6      7      8      9     10     11     12
  E obs              .      .      .     14     32     61     90     86     51     24      .      .
  E model            7      6     15     35     53     74    101     87     59     38     31     16
  Reco/2 obs       160    140    156    262    378    600    875    841    603    300    271    217
  HR model         150    155    200    394    628    764    913    846    675    499    394    281
  E/(Reco/2) %       .      .      .    5.5    8.5   10.2   10.3   10.2    8.4    8.1      .      .
  E/HR model %     4.8    4.1    7.3    8.9    8.5    9.7   11.0   10.3    8.8    7.6    7.9    5.6
  P/HR model %     9.2    6.4    7.9   12.3   17.3   21.8   27.3   26.6   20.6   14.3   12.4    8.9
  O/P model %       17     11     24     37     52     58     62     61     56     41     29     18
  T obs TS_1         .   -0.0   -0.0    2.0      .   13.1   16.0   15.1   11.2      .      .      .
  T model 13cm    -4.2   -2.5   -2.4    0.7    6.9   10.7   14.3   13.6    9.6    3.9    1.3   -1.0
  apparent Q10  E obs 3.37 | model E 2.41 HR 1.84 P 3.41 O 5.86
SE-Deg: month           1      2      3      4      5      6      7      8      9     10     11     12
  E obs              4     10      6     20     26     62     76     70      .      .     14      .
  E model            5      2      4     15     52     74    108     94     63     35     21      7
  Reco/2 obs        55     79     73    143    297    513    764    683    412    183    116    118
  HR model         117    111    164    323    580    745    944    817    648    459    272    189
  E/(Reco/2) %     7.1   12.3    8.6   13.6    8.6   12.1   10.0   10.3      .      .   12.4      .
  E/HR model %     3.9    1.8    2.4    4.7    9.0    9.9   11.4   11.5    9.7    7.6    7.6    3.5
  P/HR model %     7.2    5.6    5.0    6.7   15.4   20.9   26.9   25.3   19.7   14.2    9.0    7.0
  O/P model %       18     15     17     36     52     53     60     54     50     39     22     10
  T obs TS_1      -0.7   -0.2   -0.1    0.1    6.4   11.6   15.3   13.6    9.5    3.7    0.6   -0.2
  T model 13cm    -4.7   -1.9   -1.4   -0.2    4.2    8.6   13.0   11.4    7.6    2.1   -0.8   -1.2
  apparent Q10  E obs 3.57 | model E 2.68 HR 1.85 P 3.43 O 4.64
FI-Lom: month           1      2      3      4      5      6      7      8      9     10     11     12
  E obs             12     10     11     17     35     61    121    126     58     27     18     12
  E model            6      5      4     10     50     76     99     87     50     29      8      2
  Reco/2 obs       125    109    112    161    477   1196   1902   1456    718    315    172    171
  HR model         141    130    168    297    479    679    825    746    529    350    196    197
  E/(Reco/2) %     9.3    8.8    9.9   10.5    7.4    5.1    6.4    8.7    8.1    8.5   10.4    6.8
  E/HR model %     4.3    3.5    2.6    3.5   10.5   11.3   12.0   11.7    9.5    8.2    4.2    1.2
  P/HR model %     7.8    7.5    6.3    6.2   12.7   20.3   26.3   24.8   17.2   12.8    9.4    7.9
  O/P model %       26     12     13     27     52     54     54     54     41     30     21     15
  T obs TS_1       0.2    0.2    0.1    0.1    2.9    9.5   12.4   12.1    7.3    2.5    0.7    0.3
  T model 13cm    -0.5   -0.4   -0.5   -0.3    3.1    9.5   12.6   11.7    6.2    1.1   -0.7   -0.3
  apparent Q10  E obs 4.09 | model E 2.57 HR 1.96 P 3.82 O 5.52
CA-SCB: month           1      2      3      4      5      6      7      8      9     10     11     12
  E obs              .      .      .      .      .     52     77     87     53     24      .      .
  E model            3      0      2     22     71    115    151    119     65     23      6      2
  Reco/2 obs        26     32     61    112    224    766   1123   1028    412    168     92     25
  HR model          88     97    125    291    771   1046   1181   1065    718    397    134     74
  E/(Reco/2) %       .      .      .      .      .    6.8    6.9    8.4   13.0   14.1      .      .
  E/HR model %     3.6    0.4    1.9    7.7    9.2   11.0   12.8   11.1    9.1    5.9    4.6    2.7
  P/HR model %     4.8    4.3    3.9    7.3   18.0   25.7   29.4   27.0   17.4    9.9    8.4    6.0
  O/P model %        2      0      1     45     50     58     57     58     47     34     11      2
  T obs TS_1         .      .      .      .   10.0   16.0      .   15.6    8.0    0.0   -3.5      .
  T model 13cm    -0.8   -0.6   -0.5   -0.1    9.8   15.8   18.2   16.6    9.6    1.4   -1.6   -1.2
  apparent Q10  E obs 1.38 | model E 2.89 HR 1.89 P 3.61 O 4.96
FI-Si2: month           1      2      3      4      5      6      7      8      9     10     11     12
  E obs              .      .      .      .      .      .     79     84     48     26      .      .
  E model            5      6     13     24     62    104    132    120     73     40     26     14
  Reco/2 obs        81    144    209    320    602    374    471    485    251    205    124     98
  HR model          95    144    186    288    485    598    695    666    521    366    279    199
  E/(Reco/2) %       .      .      .      .      .      .   16.7   17.3   19.2   12.7      .      .
  E/HR model %     5.5    4.1    6.9    8.2   12.8   17.4   19.0   18.0   13.9   11.0    9.5    6.8
  P/HR model %     6.3    4.4    7.0   13.6   23.2   31.4   34.8   32.5   24.1   16.2   13.1    9.6
  O/P model %       27     16     26     41     44     42     47     45     42     37     26     17
  T obs TS_1         .      .      .      .      .      .      .      .      .      .      .      .
  T model 13cm    -3.3   -0.9   -1.0    1.7   10.0   14.4   17.2   16.0   11.5    5.2    1.9   -0.2
  apparent Q10  E obs 2.69 | model E 2.95 HR 1.79 P 3.39 O 4.20
JP-BBY: month           1      2      3      4      5      6      7      8      9     10     11     12
  E obs              .      .      .     26      .      .     75    108    101     64     35      .
  E model           22     23     21     18     33     49     85     92     59     31     17     19
  Reco/2 obs       114     96     93    226    605   1303   2299   2131   1143    511    224    113
  HR model         356    350    346    425    583    721    932    948    778    547    390    348
  E/(Reco/2) %       .      .      .   11.5      .      .    3.2    5.1    8.8   12.5   15.5      .
  E/HR model %     6.0    6.6    6.1    4.2    5.7    6.8    9.1    9.7    7.5    5.7    4.5    5.3
  P/HR model %     9.5   10.2    9.8   10.5   15.1   19.3   26.5   28.3   22.3   14.6   10.6    8.5
  O/P model %       35     31     38     71     66     65     67     65     66     56     44     41
  T obs TS_1       1.0    1.0    0.8    5.8   11.9   16.2   21.0   22.1   18.6   12.0    5.7    1.7
  T model 13cm     1.7    1.9    1.7    5.0   10.5   13.9   18.6   19.3   15.5    8.8    3.5    1.1
  apparent Q10  E obs 2.07 | model E 2.32 HR 1.77 P 3.27 O 4.61
DE-Zrk: month           1      2      3      4      5      6      7      8      9     10     11     12
  E obs              7      7     21      .    163    204    217    247     97     29     14      7
  E model           26     23     23     36     55     79     90     87     68     52     41     37
  Reco/2 obs       228    196    271    527   1068   1591   1999   1817   1446    733    389    398
  HR model         567    570    604    721    921   1067   1145   1118    975    830    717    665
  E/(Reco/2) %     3.2    3.5    7.9      .   15.3   12.8   10.9   13.6    6.7    4.0    3.5    1.7
  E/HR model %     4.7    4.0    3.9    5.0    6.0    7.4    7.9    7.8    7.0    6.2    5.7    5.6
  P/HR model %     9.2    8.1    9.7   12.5   17.1   20.9   23.7   24.0   20.3   16.0   13.0   11.2
  O/P model %       37     48     64     69     65     67     67     68     64     59     51     50
  T obs TS_1       4.5      .    6.3    9.7   13.9   16.9   17.9   17.9   15.5   11.7    7.9    5.6
  T model 13cm     1.3    0.9    2.8    6.5   11.2   14.3   16.2   16.0   13.3    9.8    5.8    4.0
  apparent Q10  E obs 13.66 | model E 2.34 HR 1.59 P 3.03 O 3.87

  E obs             73     47     33     31     31     35     35     38     42     56     63     69
  E model           82     79     75     67     56     49     42     45     46     51     61     71
  Reco/2 obs      1965   1835   1726   1757   1101    706    667    910    980   1388   1364   1949
  HR model        1167   1134   1072    972    835    769    730    752    789    858    945   1058
  E/(Reco/2) %     3.7    2.6    1.9    1.8    2.8    4.9    5.2    4.1    4.3    4.0    4.6    3.5
  E/HR model %     7.0    6.9    7.0    6.9    6.7    6.4    5.8    6.0    5.9    5.9    6.5    6.7
  P/HR model %    18.8   18.3   16.6   14.8   12.3   11.1   10.2   10.9   11.6   12.8   14.5   17.1
  O/P model %       63     61     60     53     47     46     46     43     47     52     56     60
  T obs TS_1      16.4   16.5   15.3   13.8   10.9    9.3    8.0    8.7   10.1   11.6   13.2   15.6
  T model 13cm    17.8   17.6   16.1   14.6   11.4    9.9    8.8    9.8   10.9   12.4   14.4   16.8
  apparent Q10  E obs 1.70 | model E 2.01 HR 1.67 P 3.25 O 4.82
US-Los: month           1      2      3      4      5      6      7      8      9     10     11     12
  E obs              3      4      4      5     10     43     55     34     26     18      7      3
  E model           21     14     18     32     72    124    144    142    115     59     25     17
  Reco/2 obs       140    172    318    368    662   1559   1678   1685   1194    565    353    157
  HR model         322    311    316    383    573    761    897    847    726    539    399    296
  E/(Reco/2) %     1.9    2.4    1.2    1.4    1.5    2.8    3.3    2.0    2.1    3.3    1.9    1.8
  E/HR model %     6.5    4.5    5.7    8.2   12.6   16.3   16.1   16.8   15.8   11.0    6.3    5.8
  P/HR model %     8.6    8.7    8.7   12.8   23.0   32.6   36.2   34.5   30.1   19.0   11.6    8.8
  O/P model %       25     31     35     43     52     53     56     51     47     36     30     15
  T obs TS_1         .      .    2.5      .    2.3    4.1    7.1    9.1    9.7    8.9      .      .
  T model 13cm     0.1   -0.0    0.1    3.4   12.4   17.8   20.1   19.0   16.2    8.8    2.2   -0.5
  apparent Q10  E obs 7.97 | model E 2.63 HR 1.59 P 3.00 O 3.89
DE-SfN: month           1      2      3      4      5      6      7      8      9     10     11     12
  E obs              .      .      .      .      .      .      .     20     19     15      7      4
  E model           29     18     27     45     63     93    117    115     92     67     44     32
  Reco/2 obs       185    149    388    572    916   1236   1645   1318    950    540    345    202
  HR model         402    348    467    563    674    826    934    910    766    636    509    432
  E/(Reco/2) %       .      .      .      .      .      .      .    1.5    2.0    2.9    1.9    1.9
  E/HR model %     7.1    5.2    5.8    8.1    9.3   11.3   12.5   12.7   12.0   10.6    8.7    7.3
  P/HR model %     9.2    8.6   10.1   14.8   19.5   25.0   28.9   27.9   23.5   18.8   13.4    9.0
  O/P model %       24     24     41     48     52     56     56     55     47     43     32     25
  T obs TS_1         .      .      .      .      .      .      .      .      .      .      .      .
  T model 13cm     0.7    0.3    3.1    8.2   12.4   16.0   18.2   17.7   14.2   10.6    5.4    1.6
  apparent Q10  E obs 2.96 | model E 2.35 HR 1.58 P 3.15 O 4.61
US-BZB: month           1      2      3      4      5      6      7      8      9     10     11     12
  E obs              .      .      .      .     29     33     65     73     54      .      .      .
  E model            7      1      5     30     64    143    301    323    199     50      4      1
  Reco/2 obs       160    138    197    366    607   1072   1644   1164    466    286    155     98
  HR model           2      2     30    330    837   1064   1041    876    648    349     61     13
  E/(Reco/2) %       .      .      .      .    4.8    3.0    3.9    6.3   11.6      .      .      .
  E/HR model %   396.3   93.9   15.3    9.2    7.6   13.4   28.9   36.9   30.7   14.3    7.0   10.5
  P/HR model %     0.6    1.8   12.4   13.8   19.0   28.0   41.3   54.3   39.1   20.2   21.9   15.6
  O/P model %    11990   2254     37     38     62     55     31     32     20      6      5     16
  T obs TS_1      -0.2   -0.6   -0.1    0.4    3.3    8.5   13.9   14.2    8.4    1.7      .   -0.3
  T model 13cm   -15.3  -17.2  -10.2   -1.2    6.1   10.6   12.4   10.9    4.6   -1.6   -9.1  -13.5
  apparent Q10  E obs 2.26 | model E 3.02 HR 1.68 P 2.78 O 3.49
US-BZF: month           1      2      3      4      5      6      7      8      9     10     11     12
  E obs              .      .      .      .     37     54     70     78     44      .      .      .
  E model            8      5      4     10     65    133    254    299    190     54      7      3
  Reco/2 obs       596    440    401    494    560   1908   1610    648    266    332    620    272
  HR model           4      5     52    386    855   1077   1087    874    650    369     78     17
  E/(Reco/2) %       .      .      .      .    6.5    2.8    4.4   12.0   16.6      .      .      .
  E/HR model %   234.8   82.9    6.9    2.7    7.6   12.4   23.3   34.2   29.2   14.7    8.9   15.3
  P/HR model %     1.1    3.1    4.5    6.7   18.7   25.8   37.1   49.0   35.8   20.5   18.5   15.1
  O/P model %     3749   1079    106     46     60     56     37     30     17      5     12     34
  T obs TS_1      -0.9   -1.4   -0.9    0.3    6.2   11.2   14.5   13.7    8.0    4.1      .   -0.7
  T model 13cm   -13.8  -15.8   -8.8   -0.6    6.7   10.7   12.7   11.1    4.9   -1.2   -8.4  -13.9
  apparent Q10  E obs 2.36 | model E 2.61 HR 1.76 P 2.75 O 4.74
