FI-Sii: month           1      2      3      4      5      6      7      8      9     10     11     12
  E obs              .      .      .     14     32     61     90     86     51     24      .      .
  E model            6      5     11     23     31     38     49     42     33     26     21     11
  Reco/2 obs       160    140    156    262    378    600    875    841    603    300    271    217
  HR model         154    158    204    404    650    796    961    889    702    515    405    287
  E/(Reco/2) %       .      .      .    5.5    8.5   10.2   10.3   10.2    8.4    8.1      .      .
  E/HR model %     3.7    2.9    5.2    5.7    4.8    4.8    5.1    4.7    4.7    5.1    5.2    3.9
  P/HR model %     6.1    4.4    5.4    7.6    8.4    9.3   10.3   10.1    9.1    7.9    7.6    5.9
  O/P model %       20     13     27     36     45     50     54     51     47     36     23     19
  T obs TS_1         .   -0.0   -0.0    2.0      .   13.1   16.0   15.1   11.2      .      .      .
  T model 13cm    -4.2   -2.5   -2.4    0.7    6.9   10.7   14.3   13.6    9.6    3.9    1.3   -1.0
  apparent Q10  E obs 3.37 | model E 1.78 HR 1.87 P 2.40 O 4.19
SE-Deg: month           1      2      3      4      5      6      7      8      9     10     11     12
  E obs              4     10      6     20     26     62     76     70      .      .     14      .
  E model            2      2      3      9     27     40     48     43     33     23     13      4
  Reco/2 obs        55     79     73    143    297    513    764    683    412    183    116    118
  HR model         119    113    167    328    599    782    999    868    680    476    279    193
  E/(Reco/2) %     7.1   12.3    8.6   13.6    8.6   12.1   10.0   10.3      .      .   12.4      .
  E/HR model %     2.1    1.3    2.0    2.8    4.5    5.1    4.8    4.9    4.8    4.8    4.5    2.0
  P/HR model %     4.5    3.5    3.1    4.1    7.4    8.7    9.8    9.4    8.6    7.6    5.4    4.3
  O/P model %       15     17     24     33     46     47     53     47     44     36     21     11
  T obs TS_1      -0.7   -0.2   -0.1    0.1    6.4   11.6   15.3   13.6    9.5    3.7    0.6   -0.2
  T model 13cm    -4.7   -1.9   -1.4   -0.2    4.2    8.6   13.0   11.4    7.6    2.1   -0.8   -1.2
  apparent Q10  E obs 3.57 | model E 1.98 HR 1.90 P 2.47 O 3.20
FI-Lom: month           1      2      3      4      5      6      7      8      9     10     11     12
  E obs             12     10     11     17     35     61    121    126     58     27     18     12
  E model            3      3      2      7     29     37     46     39     26     19      5      2
  Reco/2 obs       125    109    112    161    477   1196   1902   1456    718    315    172    171
  HR model         143    133    171    301    491    713    882    793    554    362    201    202
  E/(Reco/2) %     9.3    8.8    9.9   10.5    7.4    5.1    6.4    8.7    8.1    8.5   10.4    6.8
  E/HR model %     2.1    2.5    1.4    2.2    6.0    5.2    5.2    5.0    4.7    5.2    2.4    1.2
  P/HR model %     5.2    4.9    4.2    4.0    7.0    8.7    9.9    9.6    8.3    7.6    6.1    5.2
  O/P model %       13     13     11     26     53     53     51     48     38     30     21     17
  T obs TS_1       0.2    0.2    0.1    0.1    2.9    9.5   12.4   12.1    7.3    2.5    0.7    0.3
  T model 13cm    -0.5   -0.4   -0.5   -0.3    3.1    9.5   12.6   11.7    6.2    1.1   -0.7   -0.3
  apparent Q10  E obs 4.09 | model E 1.89 HR 2.02 P 2.64 O 3.59
CA-SCB: month           1      2      3      4      5      6      7      8      9     10     11     12
  E obs              .      .      .      .      .     52     77     87     53     24      .      .
  E model            2      0      2     18     38     56     70     56     36     16      4      2
  Reco/2 obs        26     32     61    112    224    766   1123   1028    412    168     92     25
  HR model          88     98    126    294    802   1105   1262   1130    749    404    136     75
  E/(Reco/2) %       .      .      .      .      .    6.8    6.9    8.4   13.0   14.1      .      .
  E/HR model %     2.7    0.3    1.6    6.3    4.7    5.0    5.5    5.0    4.8    4.0    3.2    2.4
  P/HR model %     3.8    3.4    3.1    5.1    8.6   10.2   10.9   10.4    8.5    6.8    6.3    4.7
  O/P model %        2      0      1     47     46     52     49     52     44     31     14      3
  T obs TS_1         .      .      .      .   10.0   16.0      .   15.6    8.0    0.0   -3.5      .
  T model 13cm    -0.8   -0.6   -0.5   -0.1    9.8   15.8   18.2   16.6    9.6    1.4   -1.6   -1.2
  apparent Q10  E obs 1.38 | model E 2.29 HR 1.94 P 2.57 O 3.45
FI-Si2: month           1      2      3      4      5      6      7      8      9     10     11     12
  E obs              .      .      .      .      .      .     79     84     48     26      .      .
  E model            4      5     10     17     34     50     59     56     40     25     18     10
  Reco/2 obs        81    144    209    320    602    374    471    485    251    205    124     98
  HR model          96    145    189    295    512    656    766    729    555    380    287    203
  E/(Reco/2) %       .      .      .      .      .      .   16.7   17.3   19.2   12.7      .      .
  E/HR model %     3.9    3.4    5.4    5.6    6.6    7.6    7.7    7.7    7.2    6.7    6.3    4.9
  P/HR model %     4.9    3.5    5.5    9.3   11.2   12.7   13.0   12.4   11.1    9.7    9.0    7.2
  O/P model %       28     17     26     40     38     37     43     37     38     38     25     18
  T obs TS_1         .      .      .      .      .      .      .      .      .      .      .      .
  T model 13cm    -3.3   -0.9   -1.0    1.7   10.0   14.4   17.2   16.0   11.5    5.2    1.9   -0.2
  apparent Q10  E obs 2.69 | model E 2.23 HR 1.88 P 2.37 O 2.67
JP-BBY: month           1      2      3      4      5      6      7      8      9     10     11     12
  E obs              .      .      .     26      .      .     75    108    101     64     35      .
  E model           18     22     17     14     24     34     48     49     37     25     16     15
  Reco/2 obs       114     96     93    226    605   1303   2299   2131   1143    511    224    113
  HR model         357    355    348    427    594    738    970    990    799    554    392    351
  E/(Reco/2) %       .      .      .   11.5      .      .    3.2    5.1    8.8   12.5   15.5      .
  E/HR model %     5.1    6.2    4.9    3.2    4.1    4.6    5.0    4.9    4.7    4.4    4.2    4.1
  P/HR model %     8.5    9.0    8.8    8.1    9.2   10.3   11.7   12.1   11.0    9.3    8.5    7.7
  O/P model %       33     35     38     69     64     59     61     57     56     47     35     46
  T obs TS_1       1.0    1.0    0.8    5.8   11.9   16.2   21.0   22.1   18.6   12.0    5.7    1.7
  T model 13cm     1.7    1.9    1.7    5.0   10.5   13.9   18.6   19.3   15.5    8.8    3.5    1.1
  apparent Q10  E obs 2.07 | model E 1.83 HR 1.81 P 2.20 O 2.85
DE-Zrk: month           1      2      3      4      5      6      7      8      9     10     11     12
  E obs              7      7     21      .    163    204    217    247     97     29     14      7
  E model           23     20     21     26     41     47     52     51     41     34     30     29
  Reco/2 obs       228    196    271    527   1068   1591   1999   1817   1446    733    389    398
  HR model         572    572    608    726    941   1095   1184   1157   1001    849    727    671
  E/(Reco/2) %     3.2    3.5    7.9      .   15.3   12.8   10.9   13.6    6.7    4.0    3.5    1.7
  E/HR model %     4.1    3.5    3.4    3.6    4.3    4.3    4.4    4.4    4.1    4.1    4.2    4.3
  P/HR model %     7.8    7.2    7.9    8.9   10.1   11.0   11.4   11.6   10.9    9.9    9.3    8.8
  O/P model %       38     46     63     65     63     61     62     64     59     57     47     47
  T obs TS_1       4.5      .    6.3    9.7   13.9   16.9   17.9   17.9   15.5   11.7    7.9    5.6
  T model 13cm     1.3    0.9    2.8    6.5   11.2   14.3   16.2   16.0   13.3    9.8    5.8    4.0
  apparent Q10  E obs 13.66 | model E 1.77 HR 1.62 P 2.10 O 2.57

  E obs             73     47     33     31     31     35     35     38     42     56     63     69
  E model           65     61     61     57     49     44     39     41     43     45     51     58
  Reco/2 obs      1965   1835   1726   1757   1101    706    667    910    980   1388   1364   1949
  HR model        1185   1152   1082    984    841    774    733    756    792    864    953   1073
  E/(Reco/2) %     3.7    2.6    1.9    1.8    2.8    4.9    5.2    4.1    4.3    4.0    4.6    3.5
  E/HR model %     5.4    5.3    5.6    5.8    5.9    5.7    5.3    5.4    5.5    5.2    5.4    5.4
  P/HR model %    12.0   11.8   11.3   10.7   10.0    9.7    9.3    9.6    9.8   10.2   10.6   11.3
  O/P model %       55     54     50     48     44     45     46     41     41     48     48     53
  T obs TS_1      16.4   16.5   15.3   13.8   10.9    9.3    8.0    8.7   10.1   11.6   13.2   15.6
  T model 13cm    17.8   17.6   16.1   14.6   11.4    9.9    8.8    9.8   10.9   12.4   14.4   16.8
  apparent Q10  E obs 1.70 | model E 1.68 HR 1.70 P 2.19 O 2.87
US-Los: month           1      2      3      4      5      6      7      8      9     10     11     12
  E obs              3      4      4      5     10     43     55     34     26     18      7      3
  E model           19     15     16     24     42     65     71     67     56     36     21     14
  Reco/2 obs       140    172    318    368    662   1559   1678   1685   1194    565    353    157
  HR model         324    314    317    390    601    823    972    921    781    562    407    298
  E/(Reco/2) %     1.9    2.4    1.2    1.4    1.5    2.8    3.3    2.0    2.1    3.3    1.9    1.8
  E/HR model %     5.9    4.8    5.2    6.2    7.1    7.9    7.3    7.3    7.2    6.4    5.1    4.5
  P/HR model %     7.9    8.1    7.7    9.5   12.1   14.1   14.7   14.1   13.6   11.7    9.1    8.0
  O/P model %       28     37     31     43     51     52     52     47     43     36     33     14
  T obs TS_1         .      .    2.5      .    2.3    4.1    7.1    9.1    9.7    8.9      .      .
  T model 13cm     0.1   -0.0    0.1    3.4   12.4   17.8   20.1   19.0   16.2    8.8    2.2   -0.5
  apparent Q10  E obs 7.97 | model E 1.96 HR 1.65 P 2.14 O 2.59
DE-SfN: month           1      2      3      4      5      6      7      8      9     10     11     12
  E obs              .      .      .      .      .      .      .     20     19     15      7      4
  E model           27     18     22     33     41     55     67     65     58     43     34     30
  Reco/2 obs       185    149    388    572    916   1236   1645   1318    950    540    345    202
  HR model         403    350    472    576    697    861    987    958    801    660    519    435
  E/(Reco/2) %       .      .      .      .      .      .      .    1.5    2.0    2.9    1.9    1.9
  E/HR model %     6.7    5.0    4.7    5.8    5.9    6.3    6.8    6.8    7.2    6.5    6.6    6.8
  P/HR model %     8.5    7.6    8.1    9.7   10.9   12.0   12.9   12.6   12.1   11.1   10.0    7.7
  O/P model %       23     24     38     46     48     46     49     46     39     38     30     23
  T obs TS_1         .      .      .      .      .      .      .      .      .      .      .      .
  T model 13cm     0.7    0.3    3.1    8.2   12.4   16.0   18.2   17.7   14.2   10.6    5.4    1.6
  apparent Q10  E obs 2.96 | model E 1.78 HR 1.63 P 2.17 O 2.97
US-BZB: month           1      2      3      4      5      6      7      8      9     10     11     12
  E obs              .      .      .      .     29     33     65     73     54      .      .      .
  E model            4      1      2     13     23     46     85     98     75     21      2      1
  Reco/2 obs       160    138    197    366    607   1072   1644   1164    466    286    155     98
  HR model           2      1     32    347    870   1157   1256   1098    777    388     69     14
  E/(Reco/2) %       .      .      .      .    4.8    3.0    3.9    6.3   11.6      .      .      .
  E/HR model %   243.0   59.4    7.2    3.6    2.6    4.0    6.8    9.0    9.6    5.3    3.4    5.0
  P/HR model %     0.4    1.1    4.9    5.1    6.3    7.9    9.5   12.5   11.2    7.8    8.5    6.3
  O/P model %    16155   2608     70     37     50     53     30     26     15      7     11     33
  T obs TS_1      -0.2   -0.6   -0.1    0.4    3.3    8.5   13.9   14.2    8.4    1.7      .   -0.3
  T model 13cm   -15.3  -17.2  -10.2   -1.2    6.1   10.6   12.4   10.9    4.6   -1.6   -9.1  -13.5
  apparent Q10  E obs 2.26 | model E 2.17 HR 1.81 P 2.10 O 3.53
US-BZF: month           1      2      3      4      5      6      7      8      9     10     11     12
  E obs              .      .      .      .     37     54     70     78     44      .      .      .
  E model            5      3      2      5     23     45     76     89     69     25      4      1
  Reco/2 obs       596    440    401    494    560   1908   1610    648    266    332    620    272
  HR model           3      5     52    394    891   1155   1268   1079    773    409     86     18
  E/(Reco/2) %       .      .      .      .    6.5    2.8    4.4   12.0   16.6      .      .      .
  E/HR model %   137.5   47.6    3.9    1.1    2.6    3.9    6.0    8.2    9.0    6.1    4.6    7.3
  P/HR model %     0.6    1.5    2.0    2.7    6.3    7.6    9.3   11.7   10.7    8.2    7.7    6.5
  O/P model %     6763   2143    149     37     50     49     37     26     17      5     21     58
  T obs TS_1      -0.9   -1.4   -0.9    0.3    6.2   11.2   14.5   13.7    8.0    4.1      .   -0.7
  T model 13cm   -13.8  -15.8   -8.8   -0.6    6.7   10.7   12.7   11.1    4.9   -1.2   -8.4  -13.9
  apparent Q10  E obs 2.36 | model E 2.00 HR 1.84 P 2.07 O 3.68
