FI-Sii: month           1      2      3      4      5      6      7      8      9     10     11     12
  E obs              .      .      .     14     32     61     90     86     51     24      .      .
  E model            3      3      7     15     23     35     48     42     30     21     15      7
  Reco/2 obs       160    140    156    262    378    600    875    841    603    300    271    217
  HR model         157    160    208    412    654    798    960    888    707    521    413    293
  E/(Reco/2) %       .      .      .    5.5    8.5   10.2   10.3   10.2    8.4    8.1      .      .
  E/HR model %     1.9    1.9    3.2    3.6    3.6    4.3    5.0    4.7    4.2    4.1    3.7    2.3
  P/HR model %     3.5    2.5    3.1    4.7    6.7    8.4   10.8   10.3    7.9    5.5    4.7    3.4
  O/P model %       25     17     34     39     41     47     55     51     47     29     23     21
  T obs TS_1         .   -0.0   -0.0    2.0      .   13.1   16.0   15.1   11.2      .      .      .
  T model 13cm    -4.2   -2.5   -2.4    0.7    6.9   10.7   14.3   13.6    9.6    3.9    1.3   -1.0
  apparent Q10  E obs 3.37 | model E 2.27 HR 1.84 P 3.49 O 6.62
SE-Deg: month           1      2      3      4      5      6      7      8      9     10     11     12
  E obs              4     10      6     20     26     62     76     70      .      .     14      .
  E model            2      1      2      6     19     31     46     41     27     18     10      3
  Reco/2 obs        55     79     73    143    297    513    764    683    412    183    116    118
  HR model         121    115    169    331    604    786    999    870    684    483    284    197
  E/(Reco/2) %     7.1   12.3    8.6   13.6    8.6   12.1   10.0   10.3      .      .   12.4      .
  E/HR model %     1.5    1.0    1.0    1.8    3.1    4.0    4.6    4.7    3.9    3.7    3.4    1.5
  P/HR model %     2.5    2.0    1.8    2.4    5.4    7.3    9.8    8.8    6.8    4.9    3.2    2.5
  O/P model %       18     19     24     30     42     44     52     47     38     33     23     12
  T obs TS_1      -0.7   -0.2   -0.1    0.1    6.4   11.6   15.3   13.6    9.5    3.7    0.6   -0.2
  T model 13cm    -4.7   -1.9   -1.4   -0.2    4.2    8.6   13.0   11.4    7.6    2.1   -0.8   -1.2
  apparent Q10  E obs 3.57 | model E 2.55 HR 1.87 P 3.56 O 5.03
FI-Lom: month           1      2      3      4      5      6      7      8      9     10     11     12
  E obs             12     10     11     17     35     61    121    126     58     27     18     12
  E model            2      2      2      4     16     32     44     37     21     14      3      1
  Reco/2 obs       125    109    112    161    477   1196   1902   1456    718    315    172    171
  HR model         146    135    173    305    494    715    883    795    560    370    205    206
  E/(Reco/2) %     9.3    8.8    9.9   10.5    7.4    5.1    6.4    8.7    8.1    8.5   10.4    6.8
  E/HR model %     1.4    1.7    0.9    1.3    3.3    4.4    5.0    4.7    3.8    3.8    1.6    0.3
  P/HR model %     2.9    2.8    2.4    2.3    4.8    7.6    9.7    9.2    6.3    4.7    3.5    3.0
  O/P model %       14     16     13     30     44     50     51     48     35     33     25     17
  T obs TS_1       0.2    0.2    0.1    0.1    2.9    9.5   12.4   12.1    7.3    2.5    0.7    0.3
  T model 13cm    -0.5   -0.4   -0.5   -0.3    3.1    9.5   12.6   11.7    6.2    1.1   -0.7   -0.3
  apparent Q10  E obs 4.09 | model E 2.71 HR 1.99 P 3.85 O 5.33
CA-SCB: month           1      2      3      4      5      6      7      8      9     10     11     12
  E obs              .      .      .      .      .     52     77     87     53     24      .      .
  E model            1      0      1     11     34     62     80     63     32     12      3      1
  Reco/2 obs        26     32     61    112    224    766   1123   1028    412    168     92     25
  HR model          90    100    127    298    803   1099   1251   1124    751    410    139     76
  E/(Reco/2) %       .      .      .      .      .    6.8    6.9    8.4   13.0   14.1      .      .
  E/HR model %     1.4    0.2    1.1    3.8    4.3    5.7    6.4    5.6    4.2    2.9    2.0    1.7
  P/HR model %     2.2    1.9    1.8    3.3    8.1   11.8   13.6   12.3    7.6    4.4    3.6    2.7
  O/P model %        2      1      1     56     43     53     52     55     42     27     12      4
  T obs TS_1         .      .      .      .   10.0   16.0      .   15.6    8.0    0.0   -3.5      .
  T model 13cm    -0.8   -0.6   -0.5   -0.1    9.8   15.8   18.2   16.6    9.6    1.4   -1.6   -1.2
  apparent Q10  E obs 1.38 | model E 3.03 HR 1.92 P 3.77 O 5.69
FI-Si2: month           1      2      3      4      5      6      7      8      9     10     11     12
  E obs              .      .      .      .      .      .     79     84     48     26      .      .
  E model            2      3      6     11     28     52     68     62     38     21     12      6
  Reco/2 obs        81    144    209    320    602    374    471    485    251    205    124     98
  HR model          97    146    192    300    516    653    755    724    557    387    294    208
  E/(Reco/2) %       .      .      .      .      .      .   16.7   17.3   19.2   12.7      .      .
  E/HR model %     2.4    2.2    3.4    3.6    5.5    7.9    9.0    8.6    6.9    5.4    4.2    2.9
  P/HR model %     2.9    2.0    3.2    6.1   10.3   13.8   15.7   14.3   10.6    7.2    5.8    4.3
  O/P model %       34     21     30     42     39     38     43     40     38     40     27     21
  T obs TS_1         .      .      .      .      .      .      .      .      .      .      .      .
  T model 13cm    -3.3   -0.9   -1.0    1.7   10.0   14.4   17.2   16.0   11.5    5.2    1.9   -0.2
  apparent Q10  E obs 2.69 | model E 3.13 HR 1.84 P 3.47 O 3.85
JP-BBY: month           1      2      3      4      5      6      7      8      9     10     11     12
  E obs              .      .      .     26      .      .     75    108    101     64     35      .
  E model            9     12     11     12     22     34     55     59     39     22     12      9
  Reco/2 obs       114     96     93    226    605   1303   2299   2131   1143    511    224    113
  HR model         364    362    357    429    593    739    961    982    798    556    398    357
  E/(Reco/2) %       .      .      .   11.5      .      .    3.2    5.1    8.8   12.5   15.5      .
  E/HR model %     2.4    3.4    3.2    2.8    3.8    4.7    5.7    6.1    4.8    4.0    3.0    2.5
  P/HR model %     5.2    5.5    5.3    5.9    8.3   10.6   14.6   15.5   12.2    8.0    5.8    4.7
  O/P model %       31     35     48     64     60     61     62     61     59     42     33     47
  T obs TS_1       1.0    1.0    0.8    5.8   11.9   16.2   21.0   22.1   18.6   12.0    5.7    1.7
  T model 13cm     1.7    1.9    1.7    5.0   10.5   13.9   18.6   19.3   15.5    8.8    3.5    1.1
  apparent Q10  E obs 2.07 | model E 2.72 HR 1.78 P 3.29 O 4.33
DE-Zrk: month           1      2      3      4      5      6      7      8      9     10     11     12
  E obs              7      7     21      .    163    204    217    247     97     29     14      7
  E model           16     12     12     24     39     47     55     52     42     31     25     23
  Reco/2 obs       228    196    271    527   1068   1591   1999   1817   1446    733    389    398
  HR model         581    582    611    732    942   1092   1179   1155   1002    851    734    679
  E/(Reco/2) %     3.2    3.5    7.9      .   15.3   12.8   10.9   13.6    6.7    4.0    3.5    1.7
  E/HR model %     2.7    2.1    1.9    3.2    4.1    4.3    4.7    4.5    4.2    3.6    3.4    3.4
  P/HR model %     5.0    4.4    5.3    6.8    9.3   11.3   12.7   12.9   11.0    8.7    7.0    6.1
  O/P model %       35     52     57     66     61     60     63     66     60     55     44     44
  T obs TS_1       4.5      .    6.3    9.7   13.9   16.9   17.9   17.9   15.5   11.7    7.9    5.6
  T model 13cm     1.3    0.9    2.8    6.5   11.2   14.3   16.2   16.0   13.3    9.8    5.8    4.0
  apparent Q10  E obs 13.66 | model E 2.46 HR 1.60 P 3.03 O 4.00

  E obs             73     47     33     31     31     35     35     38     42     56     63     69
  E model           71     67     65     60     50     41     34     37     40     44     53     63
  Reco/2 obs      1965   1835   1726   1757   1101    706    667    910    980   1388   1364   1949
  HR model        1178   1145   1079    982    843    778    738    760    796    863    952   1066
  E/(Reco/2) %     3.7    2.6    1.9    1.8    2.8    4.9    5.2    4.1    4.3    4.0    4.6    3.5
  E/HR model %     6.0    5.8    6.0    6.1    5.9    5.3    4.6    4.8    5.0    5.1    5.6    5.9
  P/HR model %    14.6   14.2   12.8   11.4    9.5    8.6    7.9    8.4    9.0    9.9   11.2   13.2
  O/P model %       59     57     54     50     43     43     45     40     41     46     50     55
  T obs TS_1      16.4   16.5   15.3   13.8   10.9    9.3    8.0    8.7   10.1   11.6   13.2   15.6
  T model 13cm    17.8   17.6   16.1   14.6   11.4    9.9    8.8    9.8   10.9   12.4   14.4   16.8
  apparent Q10  E obs 1.70 | model E 2.14 HR 1.67 P 3.25 O 4.80
US-Los: month           1      2      3      4      5      6      7      8      9     10     11     12
  E obs              3      4      4      5     10     43     55     34     26     18      7      3
  E model           11      7     10     17     42     72     88     82     64     31     13      9
  Reco/2 obs       140    172    318    368    662   1559   1678   1685   1194    565    353    157
  HR model         331    320    325    397    604    809    955    906    774    567    415    307
  E/(Reco/2) %     1.9    2.4    1.2    1.4    1.5    2.8    3.3    2.0    2.1    3.3    1.9    1.8
  E/HR model %     3.4    2.3    3.0    4.3    7.0    8.9    9.2    9.1    8.3    5.5    3.1    2.9
  P/HR model %     4.7    4.7    4.7    7.0   12.3   17.6   19.9   18.4   15.9   10.1    6.2    4.7
  O/P model %       26     34     38     47     57     51     55     50     45     36     34     18
  T obs TS_1         .      .    2.5      .    2.3    4.1    7.1    9.1    9.7    8.9      .      .
  T model 13cm     0.1   -0.0    0.1    3.4   12.4   17.8   20.1   19.0   16.2    8.8    2.2   -0.5
  apparent Q10  E obs 7.97 | model E 2.84 HR 1.61 P 3.06 O 3.64
DE-SfN: month           1      2      3      4      5      6      7      8      9     10     11     12
  E obs              .      .      .      .      .      .      .     20     19     15      7      4
  E model           17     11     16     27     40     59     74     73     59     40     28     22
  Reco/2 obs       185    149    388    572    916   1236   1645   1318    950    540    345    202
  HR model         414    357    478    577    698    859    977    950    800    663    527    444
  E/(Reco/2) %       .      .      .      .      .      .      .    1.5    2.0    2.9    1.9    1.9
  E/HR model %     4.1    3.2    3.3    4.7    5.7    6.9    7.6    7.7    7.4    6.0    5.3    5.0
  P/HR model %     5.0    4.7    5.6    8.2   10.7   13.9   16.0   15.4   12.8   10.2    7.3    4.9
  O/P model %       24     21     35     38     47     52     51     50     41     38     29     21
  T obs TS_1         .      .      .      .      .      .      .      .      .      .      .      .
  T model 13cm     0.7    0.3    3.1    8.2   12.4   16.0   18.2   17.7   14.2   10.6    5.4    1.6
  apparent Q10  E obs 2.96 | model E 2.35 HR 1.60 P 3.20 O 4.89
US-BZB: month           1      2      3      4      5      6      7      8      9     10     11     12
  E obs              .      .      .      .     29     33     65     73     54      .      .      .
  E model            3      1      2      8     17     41     81     93     54     14      2      0
  Reco/2 obs       160    138    197    366    607   1072   1644   1164    466    286    155     98
  HR model           2      1     33    351    874   1160   1258   1105    798    400     71     15
  E/(Reco/2) %       .      .      .      .    4.8    3.0    3.9    6.3   11.6      .      .      .
  E/HR model %   209.7   46.1    5.0    2.3    2.0    3.5    6.4    8.4    6.8    3.5    2.1    3.1
  P/HR model %     0.2    0.5    2.9    3.3    4.7    7.0    9.3   11.7    8.0    4.4    4.7    3.5
  O/P model %    37966   5130    119     40     45     51     31     27     16      9     18     54
  T obs TS_1      -0.2   -0.6   -0.1    0.4    3.3    8.5   13.9   14.2    8.4    1.7      .   -0.3
  T model 13cm   -15.3  -17.2  -10.2   -1.2    6.1   10.6   12.4   10.9    4.6   -1.6   -9.1  -13.5
  apparent Q10  E obs 2.26 | model E 3.14 HR 1.77 P 3.05 O 5.04
US-BZF: month           1      2      3      4      5      6      7      8      9     10     11     12
  E obs              .      .      .      .     37     54     70     78     44      .      .      .
  E model            4      2      2      3     17     39     74     84     49     16      3      1
  Reco/2 obs       596    440    401    494    560   1908   1610    648    266    332    620    272
  HR model           3      5     53    396    895   1161   1270   1085    792    422     88     19
  E/(Reco/2) %       .      .      .      .    6.5    2.8    4.4   12.0   16.6      .      .      .
  E/HR model %   116.2   41.7    3.2    0.7    1.9    3.3    5.8    7.7    6.2    3.9    2.9    4.6
  P/HR model %     0.3    0.8    1.2    1.7    4.8    6.7    9.1   10.9    7.8    4.7    4.3    3.6
  O/P model %    12425   3657    214     32     44     50     38     26     18      7     30     94
  T obs TS_1      -0.9   -1.4   -0.9    0.3    6.2   11.2   14.5   13.7    8.0    4.1      .   -0.7
  T model 13cm   -13.8  -15.8   -8.8   -0.6    6.7   10.7   12.7   11.1    4.9   -1.2   -8.4  -13.9
  apparent Q10  E obs 2.36 | model E 3.11 HR 1.80 P 3.00 O 5.43
