FI-Sii: month           1      2      3      4      5      6      7      8      9     10     11     12
  E obs              .      .      .     14     32     61     90     86     51     24      .      .
  E model            7      6     13     30     48     64     89     77     51     34     28     13
  Reco/2 obs       160    140    156    262    378    600    875    841    603    300    271    217
  HR model         151    156    202    398    633    773    925    855    683    504    398    284
  E/(Reco/2) %       .      .      .    5.5    8.5   10.2   10.3   10.2    8.4    8.1      .      .
  E/HR model %     4.5    3.6    6.5    7.6    7.6    8.2    9.6    9.0    7.5    6.8    7.0    4.6
  P/HR model %     7.8    5.5    6.8   10.5   14.8   18.7   23.8   23.0   17.6   12.2   10.6    7.6
  O/P model %       18     12     25     37     51     58     63     61     56     40     27     19
  T obs TS_1         .   -0.0   -0.0    2.0      .   13.1   16.0   15.1   11.2      .      .      .
  T model 13cm    -4.2   -2.5   -2.4    0.7    6.9   10.7   14.3   13.6    9.6    3.9    1.3   -1.0
  apparent Q10  E obs 3.37 | model E 2.37 HR 1.84 P 3.47 O 6.22
SE-Deg: month           1      2      3      4      5      6      7      8      9     10     11     12
  E obs              4     10      6     20     26     62     76     70      .      .     14      .
  E model            5      2      5     13     46     65     97     82     54     31     18      6
  Reco/2 obs        55     79     73    143    297    513    764    683    412    183    116    118
  HR model         118    112    165    325    584    755    953    829    656    464    275    191
  E/(Reco/2) %     7.1   12.3    8.6   13.6    8.6   12.1   10.0   10.3      .      .   12.4      .
  E/HR model %     4.5    1.6    3.1    3.9    7.8    8.6   10.2    9.9    8.2    6.8    6.4    3.3
  P/HR model %     6.2    4.8    4.3    5.8   13.3   17.8   23.6   21.7   16.7   12.1    7.7    5.9
  O/P model %       18     16     19     36     50     53     59     54     49     38     25     12
  T obs TS_1      -0.7   -0.2   -0.1    0.1    6.4   11.6   15.3   13.6    9.5    3.7    0.6   -0.2
  T model 13cm    -4.7   -1.9   -1.4   -0.2    4.2    8.6   13.0   11.4    7.6    2.1   -0.8   -1.2
  apparent Q10  E obs 3.57 | model E 2.67 HR 1.85 P 3.51 O 4.92
FI-Lom: month           1      2      3      4      5      6      7      8      9     10     11     12
  E obs             12     10     11     17     35     61    121    126     58     27     18     12
  E model            5      6      3     12     47     70     94     79     46     27      8      3
  Reco/2 obs       125    109    112    161    477   1196   1902   1456    718    315    172    171
  HR model         140    131    168    298    481    682    835    749    532    353    197    199
  E/(Reco/2) %     9.3    8.8    9.9   10.5    7.4    5.1    6.4    8.7    8.1    8.5   10.4    6.8
  E/HR model %     3.4    4.3    2.0    4.0    9.8   10.2   11.3   10.5    8.6    7.6    4.0    1.6
  P/HR model %     7.4    7.0    5.9    5.7   11.8   18.8   24.2   23.1   15.9   11.8    8.7    7.4
  O/P model %       13     20     11     28     54     53     56     52     40     31     24     16
  T obs TS_1       0.2    0.2    0.1    0.1    2.9    9.5   12.4   12.1    7.3    2.5    0.7    0.3
  T model 13cm    -0.5   -0.4   -0.5   -0.3    3.1    9.5   12.6   11.7    6.2    1.1   -0.7   -0.3
  apparent Q10  E obs 4.09 | model E 2.55 HR 1.96 P 3.83 O 5.42
CA-SCB: month           1      2      3      4      5      6      7      8      9     10     11     12
  E obs              .      .      .      .      .     52     77     87     53     24      .      .
  E model            2      0      2     20     63    104    138    108     57     19      5      4
  Reco/2 obs        26     32     61    112    224    766   1123   1028    412    168     92     25
  HR model          88     98    125    292    778   1056   1196   1077    727    401    136     74
  E/(Reco/2) %       .      .      .      .      .    6.8    6.9    8.4   13.0   14.1      .      .
  E/HR model %     2.1    0.4    1.8    7.0    8.2    9.8   11.5   10.0    7.9    4.8    3.9    4.7
  P/HR model %     4.3    3.8    3.5    6.5   15.6   22.6   26.0   23.6   14.6    8.5    6.9    5.4
  O/P model %        2      0      1     46     49     57     56     57     46     33     14      3
  T obs TS_1         .      .      .      .   10.0   16.0      .   15.6    8.0    0.0   -3.5      .
  T model 13cm    -0.8   -0.6   -0.5   -0.1    9.8   15.8   18.2   16.6    9.6    1.4   -1.6   -1.2
  apparent Q10  E obs 1.38 | model E 3.07 HR 1.89 P 3.69 O 5.10
FI-Si2: month           1      2      3      4      5      6      7      8      9     10     11     12
  E obs              .      .      .      .      .      .     79     84     48     26      .      .
  E model            5      6     12     21     56     96    121    110     66     37     24     12
  Reco/2 obs        81    144    209    320    602    374    471    485    251    205    124     98
  HR model          95    144    188    290    489    608    704    676    527    369    282    201
  E/(Reco/2) %       .      .      .      .      .      .   16.7   17.3   19.2   12.7      .      .
  E/HR model %     4.8    3.9    6.3    7.4   11.4   15.9   17.1   16.3   12.6   10.0    8.7    5.9
  P/HR model %     5.6    3.9    6.3   12.2   20.9   28.3   31.7   29.3   21.5   14.5   11.8    8.5
  O/P model %       27     17     26     41     43     42     47     45     41     37     26     17
  T obs TS_1         .      .      .      .      .      .      .      .      .      .      .      .
  T model 13cm    -3.3   -0.9   -1.0    1.7   10.0   14.4   17.2   16.0   11.5    5.2    1.9   -0.2
  apparent Q10  E obs 2.69 | model E 2.96 HR 1.80 P 3.43 O 4.28
JP-BBY: month           1      2      3      4      5      6      7      8      9     10     11     12
  E obs              .      .      .     26      .      .     75    108    101     64     35      .
  E model           23     24     20     17     33     51     85     92     59     32     17     17
  Reco/2 obs       114     96     93    226    605   1303   2299   2131   1143    511    224    113
  HR model         356    350    346    425    582    721    931    948    779    546    390    349
  E/(Reco/2) %       .      .      .   11.5      .      .    3.2    5.1    8.8   12.5   15.5      .
  E/HR model %     6.3    6.7    5.8    4.1    5.7    7.0    9.2    9.7    7.6    5.8    4.4    4.7
  P/HR model %     9.5   10.2    9.8   10.5   15.2   19.3   26.6   28.3   22.3   14.6   10.6    8.5
  O/P model %       36     30     40     71     65     65     66     66     66     56     43     44
  T obs TS_1       1.0    1.0    0.8    5.8   11.9   16.2   21.0   22.1   18.6   12.0    5.7    1.7
  T model 13cm     1.7    1.9    1.7    5.0   10.5   13.9   18.6   19.3   15.5    8.8    3.5    1.1
  apparent Q10  E obs 2.07 | model E 2.38 HR 1.77 P 3.27 O 4.53
DE-Zrk: month           1      2      3      4      5      6      7      8      9     10     11     12
  E obs              7      7     21      .    163    204    217    247     97     29     14      7
  E model           28     23     23     37     56     78     91     87     69     51     39     37
  Reco/2 obs       228    196    271    527   1068   1591   1999   1817   1446    733    389    398
  HR model         567    570    603    721    921   1067   1145   1118    974    830    716    665
  E/(Reco/2) %     3.2    3.5    7.9      .   15.3   12.8   10.9   13.6    6.7    4.0    3.5    1.7
  E/HR model %     4.9    4.0    3.8    5.1    6.1    7.3    7.9    7.7    7.1    6.2    5.5    5.6
  P/HR model %     9.2    8.1    9.7   12.5   17.1   20.9   23.6   24.0   20.3   16.0   13.0   11.2
  O/P model %       38     46     62     69     65     67     67     68     64     59     50     50
  T obs TS_1       4.5      .    6.3    9.7   13.9   16.9   17.9   17.9   15.5   11.7    7.9    5.6
  T model 13cm     1.3    0.9    2.8    6.5   11.2   14.3   16.2   16.0   13.3    9.8    5.8    4.0
  apparent Q10  E obs 13.66 | model E 2.32 HR 1.59 P 3.03 O 3.86

  E obs             73     47     33     31     31     35     35     38     42     56     63     69
  E model           81     79     75     67     56     49     42     45     46     51     61     71
  Reco/2 obs      1965   1835   1726   1757   1101    706    667    910    980   1388   1364   1949
  HR model        1168   1134   1072    972    835    769    730    752    789    858    945   1057
  E/(Reco/2) %     3.7    2.6    1.9    1.8    2.8    4.9    5.2    4.1    4.3    4.0    4.6    3.5
  E/HR model %     7.0    6.9    7.0    6.9    6.7    6.4    5.8    6.0    5.9    6.0    6.4    6.7
  P/HR model %    18.8   18.3   16.6   14.8   12.3   11.1   10.2   10.9   11.6   12.8   14.5   17.1
  O/P model %       63     61     60     54     47     46     46     43     47     52     56     60
  T obs TS_1      16.4   16.5   15.3   13.8   10.9    9.3    8.0    8.7   10.1   11.6   13.2   15.6
  T model 13cm    17.8   17.6   16.1   14.6   11.4    9.9    8.8    9.8   10.9   12.4   14.4   16.8
  apparent Q10  E obs 1.70 | model E 2.00 HR 1.68 P 3.25 O 4.84
US-Los: month           1      2      3      4      5      6      7      8      9     10     11     12
  E obs              3      4      4      5     10     43     55     34     26     18      7      3
  E model           19     14     16     32     75    120    145    142    111     59     28     17
  Reco/2 obs       140    172    318    368    662   1559   1678   1685   1194    565    353    157
  HR model         322    312    316    384    575    760    898    847    726    539    400    296
  E/(Reco/2) %     1.9    2.4    1.2    1.4    1.5    2.8    3.3    2.0    2.1    3.3    1.9    1.8
  E/HR model %     6.0    4.6    5.2    8.4   13.1   15.8   16.1   16.8   15.3   11.0    6.9    5.6
  P/HR model %     8.6    8.6    8.6   12.8   22.7   32.5   36.0   34.3   29.9   18.9   11.6    8.8
  O/P model %       24     35     33     43     53     52     56     51     47     36     31     15
  T obs TS_1         .      .    2.5      .    2.3    4.1    7.1    9.1    9.7    8.9      .      .
  T model 13cm     0.1   -0.0    0.1    3.4   12.4   17.8   20.1   19.0   16.2    8.8    2.2   -0.5
  apparent Q10  E obs 7.97 | model E 2.53 HR 1.59 P 3.00 O 3.81
DE-SfN: month           1      2      3      4      5      6      7      8      9     10     11     12
  E obs              .      .      .      .      .      .      .     20     19     15      7      4
  E model           28     18     26     45     64     93    118    113     90     65     46     31
  Reco/2 obs       185    149    388    572    916   1236   1645   1318    950    540    345    202
  HR model         402    348    468    563    676    824    936    911    765    636    510    432
  E/(Reco/2) %       .      .      .      .      .      .      .    1.5    2.0    2.9    1.9    1.9
  E/HR model %     7.0    5.2    5.6    8.1    9.5   11.3   12.6   12.4   11.7   10.2    8.9    7.2
  P/HR model %     9.1    8.5   10.0   14.6   19.2   24.8   28.5   27.5   23.3   18.6   13.2    8.9
  O/P model %       24     24     41     48     53     55     56     55     46     42     34     24
  T obs TS_1         .      .      .      .      .      .      .      .      .      .      .      .
  T model 13cm     0.7    0.3    3.1    8.2   12.4   16.0   18.2   17.7   14.2   10.6    5.4    1.6
  apparent Q10  E obs 2.96 | model E 2.36 HR 1.58 P 3.15 O 4.61
US-BZB: month           1      2      3      4      5      6      7      8      9     10     11     12
  E obs              .      .      .      .     29     33     65     73     54      .      .      .
  E model            5      1      3     19     39     87    193    219    126     32      3      1
  Reco/2 obs       160    138    197    366    607   1072   1644   1164    466    286    155     98
  HR model           2      1     32    341    858   1114   1147    978    723    376     66     14
  E/(Reco/2) %       .      .      .      .    4.8    3.0    3.9    6.3   11.6      .      .      .
  E/HR model %   297.8   73.8    9.9    5.7    4.6    7.8   16.8   22.4   17.4    8.4    4.5    6.8
  P/HR model %     0.4    1.1    7.1    8.0   11.4   17.1   24.1   31.2   21.1   11.2   12.0    8.7
  O/P model %    19765   3000     50     37     60     55     31     28     16      6      8     25
  T obs TS_1      -0.2   -0.6   -0.1    0.4    3.3    8.5   13.9   14.2    8.4    1.7      .   -0.3
  T model 13cm   -15.3  -17.2  -10.2   -1.2    6.1   10.6   12.4   10.9    4.6   -1.6   -9.1  -13.5
  apparent Q10  E obs 2.26 | model E 3.13 HR 1.71 P 3.04 O 4.49
US-BZF: month           1      2      3      4      5      6      7      8      9     10     11     12
  E obs              .      .      .      .     37     54     70     78     44      .      .      .
  E model            6      3      3      6     40     83    170    198    119     35      5      2
  Reco/2 obs       596    440    401    494    560   1908   1610    648    266    332    620    272
  HR model           3      5     52    391    875   1119   1171    971    721    396     83     18
  E/(Reco/2) %       .      .      .      .    6.5    2.8    4.4   12.0   16.6      .      .      .
  E/HR model %   178.0   61.0    4.9    1.7    4.6    7.4   14.5   20.4   16.5    8.9    6.1   11.5
  P/HR model %     0.7    1.9    2.7    4.2   11.6   16.3   23.2   28.8   20.1   11.8   10.8    8.9
  O/P model %     5752   1707    127     41     57     56     37     28     17      5     17     49
  T obs TS_1      -0.9   -1.4   -0.9    0.3    6.2   11.2   14.5   13.7    8.0    4.1      .   -0.7
  T model 13cm   -13.8  -15.8   -8.8   -0.6    6.7   10.7   12.7   11.1    4.9   -1.2   -8.4  -13.9
  apparent Q10  E obs 2.36 | model E 2.84 HR 1.76 P 2.99 O 5.33
