FI-Sii: month           1      2      3      4      5      6      7      8      9     10     11     12
  E obs              .      .      .     14     32     61     90     86     51     24      .      .
  E model            5      5     10     22     31     38     50     43     33     25     21     11
  Reco/2 obs       160    140    156    262    378    600    875    841    603    300    271    217
  HR model         154    158    205    405    650    796    959    888    703    516    405    288
  E/(Reco/2) %       .      .      .    5.5    8.5   10.2   10.3   10.2    8.4    8.1      .      .
  E/HR model %     3.6    2.9    5.1    5.5    4.7    4.8    5.2    4.8    4.6    4.9    5.1    3.8
  P/HR model %     6.1    4.4    5.4    7.6    8.4    9.3   10.3   10.1    9.1    7.9    7.6    5.9
  O/P model %       21     15     30     37     45     49     52     50     47     38     24     21
  T obs TS_1         .   -0.0   -0.0    2.0      .   13.1   16.0   15.1   11.2      .      .      .
  T model 13cm    -4.2   -2.5   -2.4    0.7    6.9   10.7   14.3   13.6    9.6    3.9    1.3   -1.0
  apparent Q10  E obs 3.37 | model E 1.86 HR 1.87 P 2.40 O 3.94
SE-Deg: month           1      2      3      4      5      6      7      8      9     10     11     12
  E obs              4     10      6     20     26     62     76     70      .      .     14      .
  E model            2      1      3      9     27     40     49     43     32     22     12      4
  Reco/2 obs        55     79     73    143    297    513    764    683    412    183    116    118
  HR model         119    113    167    328    600    782    998    867    681    477    279    194
  E/(Reco/2) %     7.1   12.3    8.6   13.6    8.6   12.1   10.0   10.3      .      .   12.4      .
  E/HR model %     2.0    1.3    1.9    2.8    4.4    5.1    4.9    5.0    4.7    4.5    4.4    1.9
  P/HR model %     4.5    3.5    3.1    4.1    7.4    8.7    9.8    9.4    8.5    7.6    5.4    4.3
  O/P model %       16     18     27     35     47     47     52     47     45     39     22     13
  T obs TS_1      -0.7   -0.2   -0.1    0.1    6.4   11.6   15.3   13.6    9.5    3.7    0.6   -0.2
  T model 13cm    -4.7   -1.9   -1.4   -0.2    4.2    8.6   13.0   11.4    7.6    2.1   -0.8   -1.2
  apparent Q10  E obs 3.57 | model E 2.10 HR 1.89 P 2.47 O 2.96
FI-Lom: month           1      2      3      4      5      6      7      8      9     10     11     12
  E obs             12     10     11     17     35     61    121    126     58     27     18     12
  E model            3      3      2      7     29     37     47     40     25     19      5      2
  Reco/2 obs       125    109    112    161    477   1196   1902   1456    718    315    172    171
  HR model         143    133    171    301    492    713    881    792    555    363    201    202
  E/(Reco/2) %     9.3    8.8    9.9   10.5    7.4    5.1    6.4    8.7    8.1    8.5   10.4    6.8
  E/HR model %     2.1    2.5    1.4    2.2    5.8    5.2    5.3    5.0    4.5    5.2    2.3    1.1
  P/HR model %     5.2    4.9    4.2    4.0    7.0    8.7    9.9    9.6    8.3    7.6    6.1    5.2
  O/P model %       14     14     12     28     55     53     50     48     39     32     22     20
  T obs TS_1       0.2    0.2    0.1    0.1    2.9    9.5   12.4   12.1    7.3    2.5    0.7    0.3
  T model 13cm    -0.5   -0.4   -0.5   -0.3    3.1    9.5   12.6   11.7    6.2    1.1   -0.7   -0.3
  apparent Q10  E obs 4.09 | model E 1.95 HR 2.01 P 2.64 O 3.33
CA-SCB: month           1      2      3      4      5      6      7      8      9     10     11     12
  E obs              .      .      .      .      .     52     77     87     53     24      .      .
  E model            2      0      2     18     39     59     75     60     36     15      4      2
  Reco/2 obs        26     32     61    112    224    766   1123   1028    412    168     92     25
  HR model          88     98    126    295    801   1102   1257   1126    749    405    136     75
  E/(Reco/2) %       .      .      .      .      .    6.8    6.9    8.4   13.0   14.1      .      .
  E/HR model %     2.6    0.3    1.6    6.1    4.9    5.4    5.9    5.3    4.8    3.8    3.0    2.4
  P/HR model %     3.8    3.4    3.1    5.1    8.6   10.3   10.9   10.5    8.5    6.8    6.3    4.7
  O/P model %        2      1      1     50     44     49     45     49     44     33     16      3
  T obs TS_1         .      .      .      .   10.0   16.0      .   15.6    8.0    0.0   -3.5      .
  T model 13cm    -0.8   -0.6   -0.5   -0.1    9.8   15.8   18.2   16.6    9.6    1.4   -1.6   -1.2
  apparent Q10  E obs 1.38 | model E 2.45 HR 1.94 P 2.57 O 3.16
FI-Si2: month           1      2      3      4      5      6      7      8      9     10     11     12
  E obs              .      .      .      .      .      .     79     84     48     26      .      .
  E model            4      5     10     16     34     51     62     58     40     25     18     10
  Reco/2 obs        81    144    209    320    602    374    471    485    251    205    124     98
  HR model          96    145    189    295    512    654    763    728    555    381    287    203
  E/(Reco/2) %       .      .      .      .      .      .   16.7   17.3   19.2   12.7      .      .
  E/HR model %     3.7    3.3    5.3    5.5    6.7    7.8    8.1    7.9    7.3    6.6    6.2    4.8
  P/HR model %     4.9    3.5    5.5    9.3   11.3   12.7   13.0   12.5   11.1    9.7    9.0    7.2
  O/P model %       31     17     28     41     37     35     40     36     38     39     27     20
  T obs TS_1         .      .      .      .      .      .      .      .      .      .      .      .
  T model 13cm    -3.3   -0.9   -1.0    1.7   10.0   14.4   17.2   16.0   11.5    5.2    1.9   -0.2
  apparent Q10  E obs 2.69 | model E 2.31 HR 1.88 P 2.37 O 2.50
JP-BBY: month           1      2      3      4      5      6      7      8      9     10     11     12
  E obs              .      .      .     26      .      .     75    108    101     64     35      .
  E model           17     20     17     14     24     35     50     52     38     24     15     13
  Reco/2 obs       114     96     93    226    605   1303   2299   2131   1143    511    224    113
  HR model         359    355    349    427    593    737    967    987    800    554    394    352
  E/(Reco/2) %       .      .      .   11.5      .      .    3.2    5.1    8.8   12.5   15.5      .
  E/HR model %     4.8    5.6    4.8    3.3    4.1    4.7    5.2    5.3    4.7    4.4    3.7    3.8
  P/HR model %     8.5    9.0    8.8    8.1    9.2   10.3   11.7   12.1   10.9    9.3    8.4    7.7
  O/P model %       38     38     42     69     64     57     58     55     56     46     42     50
  T obs TS_1       1.0    1.0    0.8    5.8   11.9   16.2   21.0   22.1   18.6   12.0    5.7    1.7
  T model 13cm     1.7    1.9    1.7    5.0   10.5   13.9   18.6   19.3   15.5    8.8    3.5    1.1
  apparent Q10  E obs 2.07 | model E 1.96 HR 1.80 P 2.20 O 2.61
DE-Zrk: month           1      2      3      4      5      6      7      8      9     10     11     12
  E obs              7      7     21      .    163    204    217    247     97     29     14      7
  E model           22     18     19     25     41     48     55     53     42     34     29     27
  Reco/2 obs       228    196    271    527   1068   1591   1999   1817   1446    733    389    398
  HR model         573    574    609    727    941   1093   1181   1155   1000    849    729    672
  E/(Reco/2) %     3.2    3.5    7.9      .   15.3   12.8   10.9   13.6    6.7    4.0    3.5    1.7
  E/HR model %     3.9    3.1    3.1    3.5    4.4    4.4    4.6    4.6    4.2    4.0    4.0    4.1
  P/HR model %     7.8    7.2    7.9    8.9   10.1   11.0   11.4   11.6   10.9    9.9    9.3    8.7
  O/P model %       42     50     66     67     63     60     60     63     59     57     49     49
  T obs TS_1       4.5      .    6.3    9.7   13.9   16.9   17.9   17.9   15.5   11.7    7.9    5.6
  T model 13cm     1.3    0.9    2.8    6.5   11.2   14.3   16.2   16.0   13.3    9.8    5.8    4.0
  apparent Q10  E obs 13.66 | model E 1.92 HR 1.61 P 2.10 O 2.40

  E obs             73     47     33     31     31     35     35     38     42     56     63     69
  E model           68     64     62     58     49     44     39     41     43     45     52     60
  Reco/2 obs      1965   1835   1726   1757   1101    706    667    910    980   1388   1364   1949
  HR model        1181   1149   1081    984    842    774    733    756    792    864    952   1070
  E/(Reco/2) %     3.7    2.6    1.9    1.8    2.8    4.9    5.2    4.1    4.3    4.0    4.6    3.5
  E/HR model %     5.8    5.6    5.7    5.9    5.8    5.7    5.3    5.4    5.4    5.2    5.5    5.6
  P/HR model %    12.0   11.8   11.3   10.7   10.0    9.7    9.3    9.6    9.8   10.2   10.6   11.3
  O/P model %       52     52     49     47     44     45     46     41     42     48     47     51
  T obs TS_1      16.4   16.5   15.3   13.8   10.9    9.3    8.0    8.7   10.1   11.6   13.2   15.6
  T model 13cm    17.8   17.6   16.1   14.6   11.4    9.9    8.8    9.8   10.9   12.4   14.4   16.8
  apparent Q10  E obs 1.70 | model E 1.79 HR 1.69 P 2.19 O 2.71
US-Los: month           1      2      3      4      5      6      7      8      9     10     11     12
  E obs              3      4      4      5     10     43     55     34     26     18      7      3
  E model           19     13     17     22     45     68     78     73     59     37     18     15
  Reco/2 obs       140    172    318    368    662   1559   1678   1685   1194    565    353    157
  HR model         325    314    318    390    600    818    967    915    780    562    407    299
  E/(Reco/2) %     1.9    2.4    1.2    1.4    1.5    2.8    3.3    2.0    2.1    3.3    1.9    1.8
  E/HR model %     5.7    4.2    5.2    5.7    7.5    8.3    8.1    8.0    7.5    6.5    4.4    4.9
  P/HR model %     7.9    8.1    7.7    9.5   12.1   14.2   14.8   14.2   13.6   11.7    9.1    8.0
  O/P model %       30     38     34     43     50     48     48     43     41     36     33     18
  T obs TS_1         .      .    2.5      .    2.3    4.1    7.1    9.1    9.7    8.9      .      .
  T model 13cm     0.1   -0.0    0.1    3.4   12.4   17.8   20.1   19.0   16.2    8.8    2.2   -0.5
  apparent Q10  E obs 7.97 | model E 2.20 HR 1.64 P 2.14 O 2.46
DE-SfN: month           1      2      3      4      5      6      7      8      9     10     11     12
  E obs              .      .      .      .      .      .      .     20     19     15      7      4
  E model           27     17     22     34     42     58     71     68     59     43     33     30
  Reco/2 obs       185    149    388    572    916   1236   1645   1318    950    540    345    202
  HR model         404    351    472    575    696    858    983    955    800    659    519    436
  E/(Reco/2) %       .      .      .      .      .      .      .    1.5    2.0    2.9    1.9    1.9
  E/HR model %     6.6    4.9    4.6    5.8    6.1    6.7    7.2    7.1    7.4    6.6    6.4    6.8
  P/HR model %     8.5    7.6    8.1    9.7   10.9   12.1   12.9   12.6   12.1   11.1    9.9    7.7
  O/P model %       24     25     39     45     46     43     45     44     37     38     31     24
  T obs TS_1         .      .      .      .      .      .      .      .      .      .      .      .
  T model 13cm     0.7    0.3    3.1    8.2   12.4   16.0   18.2   17.7   14.2   10.6    5.4    1.6
  apparent Q10  E obs 2.96 | model E 1.87 HR 1.62 P 2.17 O 2.77
US-BZB: month           1      2      3      4      5      6      7      8      9     10     11     12
  E obs              .      .      .      .     29     33     65     73     54      .      .      .
  E model            4      1      2     12     23     47     86     99     75     20      2      1
  Reco/2 obs       160    138    197    366    607   1072   1644   1164    466    286    155     98
  HR model           2      1     32    347    870   1156   1255   1097    777    388     69     14
  E/(Reco/2) %       .      .      .      .    4.8    3.0    3.9    6.3   11.6      .      .      .
  E/HR model %   231.5   59.3    7.0    3.5    2.6    4.1    6.9    9.0    9.6    5.2    3.3    5.0
  P/HR model %     0.4    1.1    4.9    5.0    6.3    7.9    9.5   12.5   11.2    7.8    8.5    6.3
  O/P model %    16959   2607     77     38     50     52     29     26     15      8     11     33
  T obs TS_1      -0.2   -0.6   -0.1    0.4    3.3    8.5   13.9   14.2    8.4    1.7      .   -0.3
  T model 13cm   -15.3  -17.2  -10.2   -1.2    6.1   10.6   12.4   10.9    4.6   -1.6   -9.1  -13.5
  apparent Q10  E obs 2.26 | model E 2.23 HR 1.81 P 2.10 O 3.31
US-BZF: month           1      2      3      4      5      6      7      8      9     10     11     12
  E obs              .      .      .      .     37     54     70     78     44      .      .      .
  E model            5      3      2      4     23     46     78     89     69     25      4      1
  Reco/2 obs       596    440    401    494    560   1908   1610    648    266    332    620    272
  HR model           3      5     53    394    891   1154   1266   1079    774    409     86     18
  E/(Reco/2) %       .      .      .      .    6.5    2.8    4.4   12.0   16.6      .      .      .
  E/HR model %   133.6   47.1    3.8    1.1    2.6    4.0    6.1    8.3    8.9    6.1    4.5    7.2
  P/HR model %     0.6    1.5    2.0    2.7    6.3    7.6    9.3   11.7   10.7    8.2    7.7    6.5
  O/P model %     7028   2174    156     38     49     48     36     26     17      6     21     58
  T obs TS_1      -0.9   -1.4   -0.9    0.3    6.2   11.2   14.5   13.7    8.0    4.1      .   -0.7
  T model 13cm   -13.8  -15.8   -8.8   -0.6    6.7   10.7   12.7   11.1    4.9   -1.2   -8.4  -13.9
  apparent Q10  E obs 2.36 | model E 2.06 HR 1.83 P 2.07 O 3.41
