FI-Sii: month           1      2      3      4      5      6      7      8      9     10     11     12
  E obs              .      .      .     14     32     61     90     86     51     24      .      .
  E model            3      2      5     10     17     27     37     32     25     17     11      5
  Reco/2 obs       160    140    156    262    378    600    875    841    603    300    271    217
  HR model         158    161    209    416    660    806    969    898    712    526    418    296
  E/(Reco/2) %       .      .      .    5.5    8.5   10.2   10.3   10.2    8.4    8.1      .      .
  E/HR model %     1.6    1.4    2.3    2.4    2.5    3.4    3.8    3.6    3.4    3.3    2.7    1.6
  P/HR model %     2.5    1.8    2.2    3.3    4.7    5.9    7.6    7.2    5.6    3.9    3.3    2.4
  O/P model %       29     19     39     40     37     42     48     46     38     26     25     23
  T obs TS_1         .   -0.0   -0.0    2.0      .   13.1   16.0   15.1   11.2      .      .      .
  T model 13cm    -4.2   -2.5   -2.4    0.7    6.9   10.7   14.3   13.6    9.6    3.9    1.3   -1.0
  apparent Q10  E obs 3.37 | model E 2.34 HR 1.84 P 3.49 O 5.93
SE-Deg: month           1      2      3      4      5      6      7      8      9     10     11     12
  E obs              4     10      6     20     26     62     76     70      .      .     14      .
  E model            1      1      1      4     13     23     35     32     20     14      8      2
  Reco/2 obs        55     79     73    143    297    513    764    683    412    183    116    118
  HR model         122    115    169    333    609    793   1010    879    692    487    287    198
  E/(Reco/2) %     7.1   12.3    8.6   13.6    8.6   12.1   10.0   10.3      .      .   12.4      .
  E/HR model %     1.1    0.8    0.8    1.3    2.2    2.9    3.4    3.7    3.0    2.8    2.7    0.9
  P/HR model %     1.8    1.4    1.2    1.7    3.8    5.1    6.8    6.2    4.8    3.5    2.2    1.7
  O/P model %       20     20     25     31     37     38     49     41     36     30     33     13
  T obs TS_1      -0.7   -0.2   -0.1    0.1    6.4   11.6   15.3   13.6    9.5    3.7    0.6   -0.2
  T model 13cm    -4.7   -1.9   -1.4   -0.2    4.2    8.6   13.0   11.4    7.6    2.1   -0.8   -1.2
  apparent Q10  E obs 3.57 | model E 2.62 HR 1.88 P 3.56 O 4.98
FI-Lom: month           1      2      3      4      5      6      7      8      9     10     11     12
  E obs             12     10     11     17     35     61    121    126     58     27     18     12
  E model            2      2      1      3     10     23     33     28     16     11      2      1
  Reco/2 obs       125    109    112    161    477   1196   1902   1456    718    315    172    171
  HR model         147    136    175    307    498    721    893    804    566    373    206    208
  E/(Reco/2) %     9.3    8.8    9.9   10.5    7.4    5.1    6.4    8.7    8.1    8.5   10.4    6.8
  E/HR model %     1.1    1.3    0.7    0.8    2.0    3.2    3.7    3.5    2.9    2.8    1.2    0.5
  P/HR model %     2.1    2.0    1.7    1.6    3.4    5.3    6.8    6.4    4.4    3.3    2.5    2.1
  O/P model %       16     17     14     30     44     44     47     45     33     32     24     32
  T obs TS_1       0.2    0.2    0.1    0.1    2.9    9.5   12.4   12.1    7.3    2.5    0.7    0.3
  T model 13cm    -0.5   -0.4   -0.5   -0.3    3.1    9.5   12.6   11.7    6.2    1.1   -0.7   -0.3
  apparent Q10  E obs 4.09 | model E 2.86 HR 2.00 P 3.85 O 4.95
CA-SCB: month           1      2      3      4      5      6      7      8      9     10     11     12
  E obs              .      .      .      .      .     52     77     87     53     24      .      .
  E model            1      0      1      8     26     46     61     49     24      9      2      1
  Reco/2 obs        26     32     61    112    224    766   1123   1028    412    168     92     25
  HR model          90    100    128    299    813   1113   1270   1139    759    414    140     77
  E/(Reco/2) %       .      .      .      .      .    6.8    6.9    8.4   13.0   14.1      .      .
  E/HR model %     1.1    0.2    0.9    2.5    3.2    4.1    4.8    4.3    3.2    2.2    1.5    1.3
  P/HR model %     1.5    1.4    1.2    2.3    5.6    8.2    9.5    8.6    5.3    3.1    2.6    1.9
  O/P model %        2      1      1     52     42     49     49     52     38     26      9      5
  T obs TS_1         .      .      .      .   10.0   16.0      .   15.6    8.0    0.0   -3.5      .
  T model 13cm    -0.8   -0.6   -0.5   -0.1    9.8   15.8   18.2   16.6    9.6    1.4   -1.6   -1.2
  apparent Q10  E obs 1.38 | model E 3.01 HR 1.92 P 3.77 O 5.66
FI-Si2: month           1      2      3      4      5      6      7      8      9     10     11     12
  E obs              .      .      .      .      .      .     79     84     48     26      .      .
  E model            2      2      4      7     19     38     49     46     29     15      9      4
  Reco/2 obs        81    144    209    320    602    374    471    485    251    205    124     98
  HR model          98    147    193    304    525    668    773    740    567    392    298    210
  E/(Reco/2) %       .      .      .      .      .      .   16.7   17.3   19.2   12.7      .      .
  E/HR model %     1.6    1.5    2.3    2.4    3.7    5.8    6.3    6.3    5.1    3.8    2.9    1.9
  P/HR model %     2.0    1.4    2.3    4.3    7.2    9.5   10.8    9.9    7.3    5.0    4.1    3.0
  O/P model %       40     23     33     44     38     36     41     38     36     44     29     24
  T obs TS_1         .      .      .      .      .      .      .      .      .      .      .      .
  T model 13cm    -3.3   -0.9   -1.0    1.7   10.0   14.4   17.2   16.0   11.5    5.2    1.9   -0.2
  apparent Q10  E obs 2.69 | model E 3.27 HR 1.85 P 3.47 O 3.50
JP-BBY: month           1      2      3      4      5      6      7      8      9     10     11     12
  E obs              .      .      .     26      .      .     75    108    101     64     35      .
  E model            5      7      8     10     19     28     44     47     32     19      9      5
  Reco/2 obs       114     96     93    226    605   1303   2299   2131   1143    511    224    113
  HR model         369    367    359    430    598    742    974    992    804    564    402    358
  E/(Reco/2) %       .      .      .   11.5      .      .    3.2    5.1    8.8   12.5   15.5      .
  E/HR model %     1.3    2.0    2.1    2.3    3.2    3.7    4.5    4.8    4.0    3.3    2.2    1.4
  P/HR model %     3.6    3.9    3.8    4.1    5.9    7.5   10.2   10.9    8.6    5.6    4.1    3.3
  O/P model %       40     43     46     52     56     50     59     55     50     44     31     38
  T obs TS_1       1.0    1.0    0.8    5.8   11.9   16.2   21.0   22.1   18.6   12.0    5.7    1.7
  T model 13cm     1.7    1.9    1.7    5.0   10.5   13.9   18.6   19.3   15.5    8.8    3.5    1.1
  apparent Q10  E obs 2.07 | model E 3.20 HR 1.78 P 3.29 O 4.00
DE-Zrk: month           1      2      3      4      5      6      7      8      9     10     11     12
  E obs              7      7     21      .    163    204    217    247     97     29     14      7
  E model           12      9     10     17     32     40     45     41     35     25     21     18
  Reco/2 obs       228    196    271    527   1068   1591   1999   1817   1446    733    389    398
  HR model         586    584    617    734    948   1104   1189   1162   1011    856    741    683
  E/(Reco/2) %     3.2    3.5    7.9      .   15.3   12.8   10.9   13.6    6.7    4.0    3.5    1.7
  E/HR model %     2.1    1.5    1.6    2.3    3.3    3.7    3.8    3.5    3.4    2.9    2.8    2.6
  P/HR model %     3.5    3.1    3.7    4.8    6.5    7.9    8.9    9.1    7.7    6.1    4.9    4.3
  O/P model %       32     42     61     56     54     57     57     59     56     44     41     32
  T obs TS_1       4.5      .    6.3    9.7   13.9   16.9   17.9   17.9   15.5   11.7    7.9    5.6
  T model 13cm     1.3    0.9    2.8    6.5   11.2   14.3   16.2   16.0   13.3    9.8    5.8    4.0
  apparent Q10  E obs 13.66 | model E 2.49 HR 1.60 P 3.03 O 4.01

  E obs             73     47     33     31     31     35     35     38     42     56     63     69
  E model           60     56     54     50     38     28     23     26     30     36     42     52
  Reco/2 obs      1965   1835   1726   1757   1101    706    667    910    980   1388   1364   1949
  HR model        1189   1157   1091    992    855    790    748    771    805    871    961   1076
  E/(Reco/2) %     3.7    2.6    1.9    1.8    2.8    4.9    5.2    4.1    4.3    4.0    4.6    3.5
  E/HR model %     5.1    4.9    5.0    5.0    4.5    3.5    3.0    3.3    3.7    4.1    4.3    4.8
  P/HR model %    10.2    9.9    9.0    8.0    6.6    6.0    5.5    5.8    6.3    6.9    7.9    9.3
  O/P model %       51     50     46     41     40     47     47     40     36     36     41     46
  T obs TS_1      16.4   16.5   15.3   13.8   10.9    9.3    8.0    8.7   10.1   11.6   13.2   15.6
  T model 13cm    17.8   17.6   16.1   14.6   11.4    9.9    8.8    9.8   10.9   12.4   14.4   16.8
  apparent Q10  E obs 1.70 | model E 2.73 HR 1.66 P 3.25 O 3.86
US-Los: month           1      2      3      4      5      6      7      8      9     10     11     12
  E obs              3      4      4      5     10     43     55     34     26     18      7      3
  E model            7      6      6     13     28     56     66     63     46     21     10      6
  Reco/2 obs       140    172    318    368    662   1559   1678   1685   1194    565    353    157
  HR model         335    323    328    401    611    829    978    927    792    577    420    310
  E/(Reco/2) %     1.9    2.4    1.2    1.4    1.5    2.8    3.3    2.0    2.1    3.3    1.9    1.8
  E/HR model %     2.1    1.9    1.8    3.2    4.6    6.7    6.8    6.7    5.8    3.7    2.3    1.8
  P/HR model %     3.3    3.3    3.3    4.9    8.6   12.1   13.8   12.7   11.0    7.0    4.3    3.3
  O/P model %       31     34     39     47     52     51     53     47     43     35     37     15
  T obs TS_1         .      .    2.5      .    2.3    4.1    7.1    9.1    9.7    8.9      .      .
  T model 13cm     0.1   -0.0    0.1    3.4   12.4   17.8   20.1   19.0   16.2    8.8    2.2   -0.5
  apparent Q10  E obs 7.97 | model E 2.87 HR 1.63 P 3.06 O 3.51
DE-SfN: month           1      2      3      4      5      6      7      8      9     10     11     12
  E obs              .      .      .      .      .      .      .     20     19     15      7      4
  E model           13      8     11     20     30     47     59     57     46     31     21     18
  Reco/2 obs       185    149    388    572    916   1236   1645   1318    950    540    345    202
  HR model         419    361    482    583    707    870    993    967    813    673    534    449
  E/(Reco/2) %       .      .      .      .      .      .      .    1.5    2.0    2.9    1.9    1.9
  E/HR model %     3.0    2.3    2.3    3.4    4.3    5.4    5.9    5.9    5.6    4.6    4.0    3.9
  P/HR model %     3.5    3.3    3.9    5.7    7.5    9.7   11.1   10.7    8.9    7.1    5.1    3.5
  O/P model %       26     22     30     32     42     45     47     46     34     33     23     22
  T obs TS_1         .      .      .      .      .      .      .      .      .      .      .      .
  T model 13cm     0.7    0.3    3.1    8.2   12.4   16.0   18.2   17.7   14.2   10.6    5.4    1.6
  apparent Q10  E obs 2.96 | model E 2.43 HR 1.61 P 3.20 O 4.83
US-BZB: month           1      2      3      4      5      6      7      8      9     10     11     12
  E obs              .      .      .      .     29     33     65     73     54      .      .      .
  E model            3      1      2      6     13     31     57     65     37      9      1      0
  Reco/2 obs       160    138    197    366    607   1072   1644   1164    466    286    155     98
  HR model           2      1     33    354    879   1169   1281   1134    814    405     72     15
  E/(Reco/2) %       .      .      .      .    4.8    3.0    3.9    6.3   11.6      .      .      .
  E/HR model %   210.1   44.3    4.7    1.8    1.4    2.6    4.5    5.8    4.5    2.2    1.6    2.4
  P/HR model %     0.1    0.4    2.0    2.3    3.3    4.9    6.5    8.0    5.6    3.1    3.3    2.5
  O/P model %    53731   7190    169     44     38     47     30     28     17     11     25     54
  T obs TS_1      -0.2   -0.6   -0.1    0.4    3.3    8.5   13.9   14.2    8.4    1.7      .   -0.3
  T model 13cm   -15.3  -17.2  -10.2   -1.2    6.1   10.6   12.4   10.9    4.6   -1.6   -9.1  -13.5
  apparent Q10  E obs 2.26 | model E 3.28 HR 1.78 P 3.05 O 5.31
US-BZF: month           1      2      3      4      5      6      7      8      9     10     11     12
  E obs              .      .      .      .     37     54     70     78     44      .      .      .
  E model            3      2      1      2     12     30     52     58     33     13      2      1
  Reco/2 obs       596    440    401    494    560   1908   1610    648    266    332    620    272
  HR model           3      5     53    397    899   1171   1289   1111    807    428     89     19
  E/(Reco/2) %       .      .      .      .    6.5    2.8    4.4   12.0   16.6      .      .      .
  E/HR model %    97.6   33.8    2.5    0.5    1.4    2.6    4.1    5.2    4.1    3.0    2.2    3.3
  P/HR model %     0.2    0.6    0.8    1.2    3.4    4.7    6.3    7.5    5.4    3.3    3.0    2.5
  O/P model %    17012   5020    272     35     35     47     36     27     18      9     40    129
  T obs TS_1      -0.9   -1.4   -0.9    0.3    6.2   11.2   14.5   13.7    8.0    4.1      .   -0.7
  T model 13cm   -13.8  -15.8   -8.8   -0.6    6.7   10.7   12.7   11.1    4.9   -1.2   -8.4  -13.9
  apparent Q10  E obs 2.36 | model E 3.29 HR 1.81 P 3.00 O 5.77
