site cls  n   KGE  KGEln  beta alpha    r    NSE   RMSE  nRMSE    MAE   bias  legacy
BR-Npw    7  29  -2.82  -0.88   3.66  3.72  0.65 -17.05  360.9   3.98  242.8  241.1  MAG+AMP
CA-SCB    3  21   0.55   0.48   0.69  0.73  0.81   0.36   31.1   0.46   24.4  -20.8  OVERLAP
DE-Hte    6  84  -0.27  -2.11   0.14  0.09  0.79  -0.97  233.9   1.15  176.7 -175.3  MAG+AMP
DE-SfN    3  28  -9.14  -1.84  10.45  4.63  0.54 -116.42  129.9  10.24  119.8  119.8  MAG+AMP
DE-Zrk    4  63  -0.44   0.07   2.41  0.89  0.73  -1.18  183.8   1.60  162.1  161.6  MAG
FI-Lom    4  60   0.39   0.25   0.67  0.56  0.74   0.40   42.5   0.75   28.3  -18.4  AMP
FI-Si2    3  28   0.63   0.63   1.22  0.81  0.77   0.45   29.2   0.43   24.0   15.1  OVERLAP
FI-Sii    4  61   0.60   0.63   1.31  0.88  0.79   0.49   31.8   0.64   24.2   15.7  OVERLAP
FR-LGt    4  20  -5.57  -1.32   7.45  1.78 -0.02 -30.97   35.3   6.92   32.9   32.9  MAG+PHASE
JP-BBY    3  39   0.51   0.44   0.89  0.63  0.71   0.47   34.6   0.52   23.9   -7.6  OVERLAP
MY-MLM    7  19 -42.50  -3.93  25.54 36.91  0.10 -9416.09 1065.3  26.52  985.6  985.6  MAG+AMP+PHASE
NZ-Kop    3  48  -5.54  -1.50   6.93  3.59  0.07 -210.17  376.3   6.13  364.1  364.1  MAG+AMP+PHASE
SE-Deg    4  50   0.77   0.78   1.13  0.92  0.83   0.66   20.1   0.51   16.2    5.1  OVERLAP
US-Los    4  59  -6.88  -1.56   8.21  4.18  0.76 -58.11  192.9   8.08  172.0  172.0  MAG+AMP
US-Myb    5  99  -0.86  -0.15   2.71  1.69  0.76  -5.27  335.2   1.92  299.0  299.0  MAG
US-Sne    5  24  -0.29   0.17   2.29  1.05  0.92  -2.58  206.8   1.32  202.0  202.0  MAG
US-Srr    6  34 -65.66  -4.51  46.75 49.48  0.38 -7870.21  215.8  54.93  179.7  179.7  MAG+AMP
US-StJ    6   9  -5.92  -1.51   5.72  6.05  0.81 -99.95  260.0   5.54  221.4  221.4  MAG+AMP
US-Tw1    5  91  -0.07   0.18   1.88  1.50  0.67  -2.12  194.3   1.13  163.3  151.1  OVERLAP
US-Tw4    5  61  -0.93  -0.24   2.45  2.23  0.70  -6.68  216.3   1.83  172.7  171.7  MAG+AMP
US-Tw5    5   9   0.76   0.78   1.22  1.03  0.90   0.59   98.1   0.31   85.1   69.0  OVERLAP
US-Uaf    1  46 -32.08  -3.48  30.48 15.98  0.15 -1483.96  129.6  32.35  118.1  118.1  MAG+AMP+PHASE
US-WPT    5  34  -0.05  -1.00   0.38  0.18  0.80  -0.19  199.3   1.02  140.9 -120.9  MAG+AMP

scored 23; median KGEln -0.24; KGEln>0.3: 6; legacy OVERLAP: 7
