site cls  n   KGE  KGEln  beta alpha    r    NSE   RMSE  nRMSE    MAE   bias  legacy
BR-Npw    7  29  -2.46  -0.78   3.32  3.54  0.64 -14.08  329.8   3.64  214.8  210.0  MAG+AMP
CA-SCB    3  21   0.58   0.53   0.72  0.78  0.77   0.37   30.8   0.46   23.5  -18.6  OVERLAP
DE-Hte    6  84  -0.21  -1.63   0.20  0.13  0.73  -0.78  222.5   1.10  165.7 -162.5  MAG+AMP
DE-SfN    3  28  -2.72  -0.75   4.51  2.15  0.53 -16.09   49.5   3.91   44.5   44.5  MAG+AMP+PHASE
DE-Zrk    4  63  -0.12  -1.18   0.42  0.14  0.58  -0.14  132.9   1.16   93.1  -66.1  MAG+AMP
FI-Lom    4  60   0.21  -0.11   0.46  0.47  0.80   0.22   48.7   0.86   31.5  -30.8  MAG+AMP
FI-Si2    3  28   0.58   0.49   0.99  0.63  0.80   0.61   24.5   0.36   19.7   -0.9  OVERLAP
FI-Sii    4  61   0.17  -0.16   0.50  0.42  0.68   0.09   42.7   0.86   28.5  -24.9  AMP
FR-LGt    4  20  -4.39  -1.36   5.88  2.98 -0.12 -25.47   32.1   6.30   25.8   24.9  MAG+PHASE
JP-BBY    3  39   0.33   0.26   0.74  0.62  0.51   0.11   44.7   0.67   31.2  -17.7  OVERLAP
MY-MLM    7  19 -36.49  -3.67  18.60 34.09  0.10 -5304.16  799.6  19.91  707.0  707.0  MAG+AMP+PHASE
NZ-Kop    3  48  -3.72  -1.19   5.23  2.85  0.03 -108.41  270.8   4.41  259.5  259.5  MAG+AMP+PHASE
SE-Deg    4  50   0.21  -0.12   0.45  0.47  0.79   0.13   32.1   0.82   22.6  -21.6  MAG+AMP
US-Los    4  59  -0.20   0.15   2.10  1.42  0.78  -0.90   34.6   1.45   27.0   26.3  MAG
US-Myb    5  99  -0.08   0.20   1.96  1.40  0.71  -1.52  212.5   1.22  173.7  167.2  OVERLAP
US-Sne    5  24   0.03   0.29   1.92  1.30  0.93  -1.01  155.2   0.99  144.2  144.2  PHASE
US-Srr    6  34 -53.88  -4.24  37.84 41.67  0.39 -5244.02  176.2  44.84  144.7  144.7  MAG+AMP
US-StJ    6   9  -3.55  -1.04   4.18  4.25  0.86 -44.05  173.7   3.70  149.4  149.4  MAG+AMP
US-Tw1    5  91   0.13   0.29   1.68  1.41  0.66  -1.26  165.3   0.96  137.7  116.6  OVERLAP
US-Tw4    5  61  -0.46  -0.03   2.04  1.98  0.71  -3.57  166.8   1.41  126.5  123.0  MAG+AMP
US-Tw5    5   9   0.85   0.85   1.07  0.93  0.89   0.77   73.4   0.23   61.8   23.6  OVERLAP
US-Uaf    1  46 -18.89  -2.83  18.88  9.66  0.06 -545.87   78.6  19.63   71.6   71.6  MAG+AMP+PHASE
US-WPT    5  34  -0.39  -4.03   0.03  0.02  0.81  -1.02  260.1   1.33  188.2 -188.2  MAG+AMP

scored 23; median KGEln -0.16; KGEln>0.3: 3; legacy OVERLAP: 6
