site cls  n   KGE  KGEln  beta alpha    r    NSE   RMSE  nRMSE    MAE   bias  legacy
BR-Npw    7  29  -2.39  -0.76   3.27  3.50  0.64 -13.60  324.5   3.58  212.4  205.8  MAG+AMP
CA-SCB    3  21   0.57   0.52   0.74  0.73  0.80   0.42   29.6   0.44   22.3  -17.9  OVERLAP
DE-Hte    6  84  -0.20  -1.57   0.22  0.13  0.72  -0.74  220.3   1.08  163.2 -159.4  MAG+AMP
DE-SfN    3  28 -11.51  -2.10  12.63  5.59  0.52 -176.67  159.7  12.60  147.4  147.4  MAG+AMP
DE-Zrk    4  63  -0.82  -0.06   2.81  1.06  0.78  -2.25  224.3   1.96  207.4  207.4  MAG
FI-Lom    4  60   0.48   0.38   0.73  0.61  0.78   0.51   38.5   0.68   25.2  -15.0  OVERLAP
FI-Si2    3  28   0.37   0.49   1.59  1.05  0.80  -0.50   48.1   0.70   41.3   40.7  OVERLAP
FI-Sii    4  61   0.44   0.51   1.49  0.93  0.73   0.20   40.0   0.80   31.0   24.4  OVERLAP
FR-LGt    4  20  -9.35  -1.85  11.04  3.34  0.05 -78.01   55.5  10.88   51.1   51.1  MAG+PHASE
JP-BBY    3  39   0.59   0.57   1.11  0.76  0.68   0.44   35.4   0.53   28.0    7.0  OVERLAP
MY-MLM    7  19 -40.97  -3.88  24.19 35.97  0.11 -8488.92 1011.5  25.18  931.7  931.7  MAG+AMP+PHASE
NZ-Kop    3  48  -5.19  -1.44   6.63  3.39  0.05 -189.26  357.1   5.82  345.6  345.6  MAG+AMP+PHASE
SE-Deg    4  50   0.63   0.67   1.31  1.05  0.82   0.49   24.6   0.63   20.3   12.3  OVERLAP
US-Los    4  59  -8.96  -1.87   9.82  5.63  0.84 -92.64  242.8  10.17  210.5  210.5  MAG+AMP
US-Myb    5  99  -0.72  -0.09   2.59  1.61  0.77  -4.42  311.8   1.79  278.3  278.3  MAG
US-Sne    5  24  -0.62   0.01   2.58  1.31  0.94  -4.42  254.6   1.62  248.8  248.8  MAG+PHASE
US-Srr    6  34 -65.83  -4.51  46.48 49.96  0.41 -7850.96  215.5  54.87  178.7  178.7  MAG+AMP
US-StJ    6   9  -7.66  -1.78   7.14  7.11  0.85 -162.16  330.6   7.05  287.9  287.9  MAG+AMP
US-Tw1    5  91   0.14   0.29   1.70  1.38  0.66  -1.26  165.4   0.96  139.1  120.3  OVERLAP
US-Tw4    5  61  -0.67  -0.13   2.23  2.08  0.70  -4.89  189.5   1.60  147.3  145.6  MAG+AMP
US-Tw5    5   9   0.82   0.83   1.15  0.96  0.90   0.71   81.7   0.26   70.7   47.5  OVERLAP
US-Uaf    1  46 -41.05  -3.84  36.08 24.17  0.34 -2314.63  161.8  40.39  140.6  140.6  MAG+AMP+PHASE
US-WPT    5  34  -0.05  -1.00   0.38  0.18  0.80  -0.19  199.3   1.02  140.9 -120.9  MAG+AMP

scored 23; median KGEln -0.13; KGEln>0.3: 7; legacy OVERLAP: 8
