site cls  n   KGE  KGEln  beta alpha    r    NSE   RMSE  nRMSE    MAE   bias  legacy
BR-Npw    7  29  -0.19  -1.33   0.23  0.17  0.63  -0.49  103.5   1.14   78.0  -69.4  MAG+AMP
CA-SCB    3  21   0.12  -0.21   0.45  0.44  0.59  -0.59   48.8   0.72   40.6  -37.0  MAG+PHASE
DE-Hte    6  84  -0.35  -2.70   0.09  0.06  0.67  -1.15  244.6   1.20  185.6 -184.9  MAG+AMP
DE-SfN    3  28 -36.18  -3.58  34.29 17.55  0.50 -1530.33  469.0  36.99  422.0  422.0  MAG+AMP+PHASE
DE-Zrk    4  63  -7.44  -1.60   8.85  4.12  0.87 -61.94  987.6   8.62  899.0  899.0  MAG+AMP
FI-Lom    4  60  -0.11   0.05   1.39  1.79  0.33  -2.20   98.5   1.74   44.2   21.8  AMP+PHASE
FI-Si2    3  28   0.46   0.43   1.24  0.67  0.64   0.24   34.4   0.50   28.7   16.6  OVERLAP
FI-Sii    4  61  -3.09  -0.97   4.35  3.27  0.43 -21.75  213.6   4.29  167.7  166.8  MAG+AMP+PHASE
FR-LGt    4  20 -25.27  -2.94  26.07  8.85  0.60 -486.87  137.8  27.05  127.8  127.8  MAG+AMP
JP-BBY    3  39  -0.65  -0.09   2.37  1.89  0.80  -4.31  109.2   1.63   91.7   91.7  MAG+AMP
MY-MLM    7  19 -20.43  -3.02  16.56 15.72  0.17 -3481.95  647.9  16.13  624.9  624.9  MAG+AMP+PHASE
NZ-Kop    3  48  -2.35  -0.77   4.02  2.24  0.25 -55.01  193.8   3.16  185.1  185.1  MAG+AMP+PHASE
SE-Deg    4  50  -1.14  -0.33   2.38  2.61  0.67  -5.77   89.4   2.28   57.5   54.0  MAG+AMP+PHASE
US-Los    4  59 -29.79  -3.34  27.66 16.41  0.84 -884.85  746.9  31.29  636.4  636.4  MAG+AMP
US-Myb    5  99   0.46   0.47   1.41  0.72  0.78   0.32  110.4   0.63   90.5   71.3  OVERLAP
US-Sne    5  24  -0.33   0.11   2.27  1.38  0.89  -2.75  211.8   1.35  199.0  199.0  MAG
US-Srr    6  34  -8.25  -1.86   8.29  6.69  0.66 -174.54   32.2   8.20   28.6   28.6  MAG+AMP
US-StJ    6   9  -4.78  -1.30   5.38  4.77  0.82 -77.91  229.9   4.90  205.4  205.4  MAG+AMP
US-Tw1    5  91   0.23  -0.10   0.66  0.38  0.71   0.12  103.4   0.60   72.3  -57.9  AMP+PHASE
US-Tw4    5  61   0.55   0.52   1.17  0.73  0.68   0.38   61.2   0.52   48.1   20.7  OVERLAP
US-Tw5    5   9   0.05  -0.64   0.42  0.25  0.97  -1.01  216.3   0.68  187.1 -182.4  MAG+AMP
US-Uaf    1  46 -32.39  -3.58  31.04 15.52 -0.28 -1530.08  131.6  32.85  120.3  120.3  MAG+AMP+PHASE
US-WPT    5  34  -1.26  -0.33   2.89  2.24  0.94  -4.85  442.6   2.27  368.8  368.8  MAG+AMP

scored 23; median KGEln -0.77; KGEln>0.3: 3; legacy OVERLAP: 3
