site cls  n   KGE  KGEln  beta alpha    r    NSE   RMSE  nRMSE    MAE   bias  legacy
BR-Npw    7  29  -3.97  -1.17   4.24  4.75  0.56 -29.10  465.9   5.14  296.8  293.3  MAG+AMP
CA-SCB    3  21   0.18  -0.20   0.40  0.47  0.82  -0.55   48.2   0.71   40.7  -40.7  MAG+AMP
DE-Hte    6  84  -0.32  -2.65   0.08  0.07  0.85  -1.14  243.9   1.20  187.4 -186.8  MAG+AMP
DE-SfN    3  28  -0.51  -0.05   2.37  1.35  0.48  -2.63   22.8   1.80   17.9   17.4  MAG+AMP+PHASE
DE-Zrk    4  63  -0.18  -1.61   0.23  0.12  0.83  -0.32  143.1   1.25   94.7  -88.1  MAG+AMP
FI-Lom    4  60  -0.15  -1.31   0.18  0.21  0.84  -0.40   65.1   1.15   46.2  -46.2  MAG+AMP
FI-Si2    3  28   0.29   0.04   0.58  0.47  0.79  -0.03   39.9   0.58   29.3  -29.1  OVERLAP
FI-Sii    4  61  -0.02  -0.72   0.34  0.27  0.75  -0.21   49.2   0.99   33.2  -32.8  MAG+AMP
FR-LGt    4  20  -1.41  -0.50   3.20  1.43  0.12  -4.92   15.2   2.98   12.3   11.2  MAG+PHASE
JP-BBY    3  39  -0.09  -0.77   0.28  0.31  0.56  -0.77   63.1   0.94   47.9  -47.9  MAG+AMP
MY-MLM    7  19 -27.79  -3.32  14.08 26.63  0.04 -2996.64  601.0  14.96  525.3  525.3  MAG+AMP+PHASE
NZ-Kop    3  48  -0.15  -0.05   1.72  0.83  0.12  -3.43   54.5   0.89   44.6   44.5  PHASE
SE-Deg    4  50   0.03  -0.60   0.29  0.36  0.83  -0.18   37.3   0.95   27.8  -27.7  MAG+AMP
US-Los    4  59   0.70   0.72   1.22  0.96  0.80   0.58   16.3   0.68   11.4    5.2  OVERLAP
US-Myb    5  99   0.55   0.59   1.37  1.08  0.76   0.23  117.4   0.67   86.5   65.4  OVERLAP
US-Sne    5  24   0.66   0.63   1.18  0.73  0.91   0.73   56.8   0.36   50.4   28.0  OVERLAP
US-Srr    6  34 -59.09  -4.37  42.00 44.92  0.41 -6365.88  194.1  49.41  161.1  161.1  MAG+AMP
US-StJ    6   9  -4.90  -1.33   4.92  5.40  0.83 -70.62  219.0   4.67  183.8  183.8  MAG+AMP
US-Tw1    5  91   0.61   0.61   1.05  1.02  0.61   0.20   98.5   0.57   71.2    9.2  OVERLAP
US-Tw4    5  61   0.44   0.52   1.27  1.46  0.83   0.12   73.1   0.62   50.1   31.6  OVERLAP
US-Tw5    5   9   0.61   0.56   0.79  0.70  0.88   0.55  102.7   0.32   82.1  -67.6  OVERLAP
US-Uaf    1  46 -37.33  -3.77  30.10 25.95  0.24 -1862.31  145.2  36.23  116.6  116.6  MAG+AMP+PHASE
US-WPT    5  34  -0.47  -4.07   0.03  0.03  0.47  -1.05  261.8   1.34  189.5 -189.5  MAG+AMP+PHASE

scored 23; median KGEln -0.60; KGEln>0.3: 6; legacy OVERLAP: 7
