site cls  n   KGE  KGEln  beta alpha    r    NSE   RMSE  nRMSE    MAE   bias  legacy
BR-Npw    7  29  -3.00  -0.93   3.86  3.77  0.62 -18.85  378.4   4.18  263.3  259.5  MAG+AMP
CA-SCB    3  21   0.52   0.43   0.69  0.68  0.81   0.34   31.5   0.47   24.2  -21.1  OVERLAP
DE-Hte    6  84  -0.25  -1.86   0.18  0.10  0.72  -0.86  227.8   1.12  169.8 -167.2  MAG+AMP
DE-SfN    3  28 -10.39  -1.97  11.66  5.01  0.58 -146.30  145.5  11.47  135.1  135.1  MAG+AMP
DE-Zrk    4  63  -0.66  -0.00   2.65  0.97  0.76  -1.77  207.1   1.81  188.5  188.5  MAG
FI-Lom    4  60   0.40   0.25   0.70  0.54  0.76   0.43   41.4   0.73   26.1  -16.9  AMP
FI-Si2    3  28   0.61   0.63   1.32  0.84  0.82   0.38   31.1   0.45   26.4   21.6  OVERLAP
FI-Sii    4  61   0.49   0.54   1.42  0.86  0.74   0.32   36.8   0.74   28.0   20.9  OVERLAP
FR-LGt    4  20  -7.57  -1.66   9.29  2.97  0.04 -54.40   46.4   9.11   42.2   42.2  MAG+PHASE
JP-BBY    3  39   0.57   0.54   1.05  0.73  0.67   0.44   35.4   0.53   28.4    3.2  OVERLAP
MY-MLM    7  19 -35.10  -3.70  21.30 30.84  0.03 -6466.89  882.8  21.98  815.4  815.4  MAG+AMP+PHASE
NZ-Kop    3  48  -4.60  -1.33   6.12  3.06  0.05 -156.09  324.5   5.29  314.0  314.0  MAG+AMP+PHASE
SE-Deg    4  50   0.70   0.72   1.23  0.95  0.82   0.58   22.2   0.57   18.1    9.0  OVERLAP
US-Los    4  59  -7.93  -1.72   9.02  4.92  0.81 -74.55  218.1   9.14  191.5  191.5  MAG+AMP
US-Myb    5  99  -0.54  -0.01   2.44  1.50  0.77  -3.47  283.1   1.62  251.5  251.3  MAG
US-Sne    5  24  -0.45   0.09   2.44  1.19  0.94  -3.44  230.4   1.47  225.9  225.9  MAG+PHASE
US-Srr    6  34 -62.00  -4.43  43.83 47.20  0.38 -6976.18  203.2  51.72  168.3  168.3  MAG+AMP
US-StJ    6   9  -6.57  -1.62   6.39  6.32  0.84 -124.62  290.1   6.18  252.7  252.7  MAG+AMP
US-Tw1    5  91   0.29   0.39   1.56  1.28  0.66  -0.69  142.9   0.83  119.6   95.8  OVERLAP
US-Tw4    5  61  -0.43  -0.02   2.04  1.93  0.70  -3.51  165.8   1.40  126.8  123.3  MAG+AMP
US-Tw5    5   9   0.83   0.82   1.02  0.87  0.89   0.79   69.8   0.22   58.5    7.1  OVERLAP
US-Uaf    1  46 -40.21  -3.82  35.02 24.26  0.32 -2215.06  158.3  39.52  136.3  136.3  MAG+AMP+PHASE
US-WPT    5  34  -0.05  -1.00   0.38  0.18  0.80  -0.19  199.3   1.02  140.9 -120.9  MAG+AMP

scored 23; median KGEln -0.02; KGEln>0.3: 7; legacy OVERLAP: 7
