site cls  n   KGE  KGEln  beta alpha    r    NSE   RMSE  nRMSE    MAE   bias  legacy
BR-Npw    7  29   0.67   0.67   1.04  1.05  0.67   0.31   70.5   0.78   51.4    3.6  OVERLAP
CA-SCB    3  21   0.12  -0.31   0.40  0.40  0.77  -0.62   49.3   0.73   40.6  -40.3  MAG+AMP
DE-Hte    6  84  -0.30  -2.19   0.13  0.09  0.70  -1.02  236.9   1.17  179.5 -177.7  MAG+AMP
DE-SfN    3  28  -2.07  -0.58   3.91  1.84  0.50 -11.03   41.6   3.28   36.9   36.9  MAG+AMP+PHASE
DE-Zrk    4  63  -0.14  -1.21   0.39  0.14  0.57  -0.18  135.1   1.18   93.8  -70.3  MAG+AMP+PHASE
FI-Lom    4  60  -0.07  -0.93   0.25  0.26  0.77  -0.25   61.6   1.09   42.3  -42.3  MAG+AMP
FI-Si2    3  28   0.25  -0.10   0.58  0.39  0.87  -0.02   39.7   0.58   29.8  -29.0  AMP
FI-Sii    4  61  -0.02  -0.64   0.33  0.31  0.64  -0.24   49.9   1.00   34.1  -33.2  MAG+AMP
FR-LGt    4  20  -2.94  -1.09   4.38  2.69 -0.10 -15.41   25.3   4.96   18.9   17.2  MAG+PHASE
JP-BBY    3  39   0.26   0.15   0.65  0.59  0.49  -0.01   47.7   0.71   33.2  -23.1  OVERLAP
MY-MLM    7  19 -44.92  -3.93  22.21 41.72  0.10 -7755.31  966.8  24.07  852.0  852.0  MAG+AMP+PHASE
NZ-Kop    3  48  -1.28  -0.50   2.91  1.95  0.19 -23.53  128.2   2.09  117.2  117.2  MAG+AMP+PHASE
SE-Deg    4  50   0.01  -0.61   0.31  0.34  0.72  -0.25   38.4   0.98   27.8  -27.2  MAG+AMP
US-Los    4  59   0.36   0.48   1.60  1.05  0.78   0.21   22.3   0.94   17.1   14.3  OVERLAP
US-Myb    5  99   0.53   0.52   1.00  0.77  0.60   0.33  109.8   0.63   87.8    0.3  OVERLAP
US-Sne    5  24   0.80   0.79   1.05  0.87  0.85   0.72   57.6   0.37   46.8    7.5  OVERLAP
US-Srr    6  34  -9.95  -2.13   8.70  8.75  0.35 -225.19   36.6   9.31   30.3   30.3  MAG+AMP
US-StJ    6   9  -0.71  -0.12   2.37  2.02  0.86  -6.74   72.0   1.54   64.1   64.1  MAG
US-Tw1    5  91   0.56   0.57   1.24  1.13  0.65   0.06  106.9   0.62   81.0   40.6  PHASE
US-Tw4    5  61   0.24   0.37   1.50  1.51  0.74  -0.60   98.7   0.84   70.0   58.7  OVERLAP
US-Tw5    5   9   0.54   0.45   0.72  0.66  0.88   0.38  120.5   0.38  100.1  -90.0  OVERLAP
US-Uaf    1  46  -6.60  -1.71   7.56  4.73  0.10 -82.57   30.7   7.67   26.3   26.3  MAG+AMP+PHASE
US-WPT    5  34  -0.46  -4.54   0.02  0.02  0.55  -1.07  263.3   1.35  191.4 -191.4  MAG+AMP

scored 23; median KGEln -0.50; KGEln>0.3: 7; legacy OVERLAP: 7
