site cls  n   KGE  KGEln  beta alpha    r    NSE   RMSE  nRMSE    MAE   bias  legacy
BR-Npw    7  29   0.26   0.07   0.55  0.53  0.65   0.19   76.7   0.85   58.1  -40.3  OVERLAP
CA-SCB    3  21  -0.04  -0.78   0.27  0.31  0.75  -1.26   58.2   0.86   49.4  -49.4  MAG+AMP
DE-Hte    6  84  -0.33  -2.61   0.08  0.08  0.71  -1.15  244.6   1.20  187.7 -186.6  MAG+AMP
DE-SfN    3  28  -1.24  -0.33   3.10  1.58  0.48  -5.90   31.5   2.48   26.6   26.6  MAG+AMP
DE-Zrk    4  63  -0.15  -1.31   0.32  0.14  0.66  -0.23  138.1   1.21   93.2  -78.1  MAG+AMP
FI-Lom    4  60  -0.14  -1.22   0.20  0.22  0.77  -0.38   64.8   1.14   45.2  -45.2  MAG+AMP
FI-Si2    3  28   0.12  -0.39   0.44  0.33  0.90  -0.47   47.7   0.70   38.3  -38.3  MAG+AMP
FI-Sii    4  61  -0.11  -0.98   0.24  0.26  0.68  -0.42   53.4   1.07   37.6  -37.6  MAG+AMP
FR-LGt    4  20  -1.90  -0.81   3.42  2.18 -0.08  -9.02   19.7   3.88   15.0   12.3  MAG+PHASE
JP-BBY    3  39   0.15  -0.04   0.53  0.52  0.48  -0.21   52.1   0.78   37.0  -31.3  AMP
MY-MLM    7  19 -35.29  -3.67  20.13 31.82  0.08 -5909.09  843.9  21.01  768.6  768.6  MAG+AMP+PHASE
NZ-Kop    3  48  -0.20  -0.01   1.67  1.72  0.31  -4.42   60.3   0.98   43.9   41.3  AMP
SE-Deg    4  50  -0.07  -0.87   0.25  0.30  0.71  -0.40   40.7   1.04   29.9  -29.5  MAG+AMP
US-Los    4  59   0.65   0.67   1.26  0.91  0.79   0.56   16.7   0.70   12.1    6.3  OVERLAP
US-Myb    5  99   0.05  -0.28   0.45  0.42  0.48  -0.28  151.6   0.87  112.5  -95.9  MAG+AMP
US-Sne    5  24   0.44   0.32   0.60  0.67  0.77   0.25   94.4   0.60   69.7  -62.7  OVERLAP
US-Srr    6  34  -0.12  -0.10   1.35  1.32 -0.02  -2.10    4.3   1.09    2.6    1.4  PHASE
US-StJ    6   9  -0.21   0.12   1.95  1.73  0.85  -3.04   52.0   1.11   44.8   44.8  OVERLAP
US-Tw1    5  91   0.56   0.55   0.84  0.88  0.61   0.23   96.3   0.56   67.2  -27.6  PHASE
US-Tw4    5  61   0.75   0.75   1.06  1.05  0.77   0.50   55.4   0.47   41.6    7.2  OVERLAP
US-Tw5    5   9   0.24  -0.04   0.47  0.50  0.80  -0.65  196.2   0.62  167.1 -167.1  MAG+AMP
US-Uaf    1  46  -4.03  -1.26   5.31  3.45  0.10 -37.50   20.9   5.21   17.3   17.3  MAG+AMP+PHASE
US-WPT    5  34  -0.54  -6.24   0.00  0.01  0.36  -1.12  266.4   1.37  194.1 -194.1  MAG+AMP+PHASE

scored 23; median KGEln -0.33; KGEln>0.3: 4; legacy OVERLAP: 5
