site cls  n   KGE  KGEln  beta alpha    r    NSE   RMSE  nRMSE    MAE   bias  legacy
BR-Npw    7  29  -5.01  -1.37   4.87  5.58  0.61 -41.46  553.4   6.11  351.2  350.7  MAG+AMP
CA-SCB    3  21   0.66   0.64   0.80  0.85  0.76   0.45   28.7   0.43   21.3  -13.3  OVERLAP
DE-Hte    6  84  -0.22  -1.70   0.18  0.12  0.75  -0.82  225.0   1.11  168.9 -166.0  MAG+AMP
DE-SfN    3  28  -1.91  -0.53   3.75  1.83  0.52  -9.93   39.6   3.13   34.9   34.9  MAG+AMP+PHASE
DE-Zrk    4  63  -0.13  -1.21   0.38  0.14  0.61  -0.17  134.9   1.18   93.0  -71.1  MAG+AMP
FI-Lom    4  60   0.12  -0.33   0.39  0.40  0.79   0.08   52.9   0.94   35.0  -34.7  MAG+AMP
FI-Si2    3  28   0.40   0.21   0.75  0.49  0.81   0.37   31.2   0.46   21.9  -17.0  OVERLAP
FI-Sii    4  61   0.10  -0.31   0.43  0.38  0.68  -0.02   45.3   0.91   30.6  -28.3  MAG+AMP
FR-LGt    4  20  -3.76  -1.25   5.21  2.95 -0.07 -20.95   29.2   5.74   22.6   21.4  MAG+PHASE
JP-BBY    3  39   0.24   0.11   0.62  0.57  0.50  -0.04   48.2   0.72   33.5  -25.1  AMP
MY-MLM    7  19 -32.65  -3.52  16.34 30.93  0.08 -4103.61  703.3  17.51  616.3  616.3  MAG+AMP+PHASE
NZ-Kop    3  48  -3.27  -1.08   4.70  2.96  0.14 -84.90  240.0   3.91  227.2  227.2  MAG+AMP+PHASE
SE-Deg    4  50   0.11  -0.34   0.37  0.41  0.76  -0.05   35.2   0.90   25.2  -24.6  MAG+AMP
US-Los    4  59   0.29   0.43   1.66  1.14  0.77   0.05   24.4   1.02   18.4   15.7  OVERLAP
US-Myb    5  99   0.28   0.42   1.64  1.19  0.75  -0.33  154.5   0.88  120.8  112.4  OVERLAP
US-Sne    5  24   0.41   0.52   1.54  1.22  0.92   0.16  100.3   0.64   85.7   84.4  OVERLAP
US-Srr    6  34 -76.38  -4.71  57.36 54.01  0.48 -11150.34  256.9  65.39  221.4  221.4  MAG+AMP
US-StJ    6   9  -3.09  -0.92   3.85  3.93  0.87 -35.20  155.7   3.32  133.5  133.5  MAG+AMP
US-Tw1    5  91   0.34   0.42   1.46  1.32  0.66  -0.51  135.2   0.79  108.3   79.0  OVERLAP
US-Tw4    5  61  -0.11   0.16   1.74  1.78  0.73  -1.82  131.0   1.11   94.3   86.8  AMP
US-Tw5    5   9   0.80   0.79   0.93  0.86  0.88   0.76   75.4   0.24   60.6  -21.5  OVERLAP
US-Uaf    1  46 -21.63  -2.99  21.27 11.01  0.11 -702.12   89.2  22.26   81.2   81.2  MAG+AMP+PHASE
US-WPT    5  34  -0.42  -4.59   0.02  0.02  0.67  -1.07  263.0   1.35  191.1 -191.1  MAG+AMP+PHASE

scored 23; median KGEln -0.34; KGEln>0.3: 6; legacy OVERLAP: 7
