site cls  n   KGE  KGEln  beta alpha    r    NSE   RMSE  nRMSE    MAE   bias  legacy
BR-Npw    7  29  -5.03  -1.38   4.91  5.58  0.61 -41.73  555.2   6.13  354.4  354.4  MAG+AMP
CA-SCB    3  21   0.64   0.66   1.25  0.99  0.74   0.30   32.4   0.48   25.7   17.1  OVERLAP
DE-Hte    6  84  -0.23  -1.47   0.31  0.12  0.49  -0.61  211.6   1.04  152.8 -141.1  MAG+AMP
DE-SfN    3  28  -4.51  -1.04   6.41  1.94  0.48 -34.61   71.5   5.64   68.5   68.5  MAG+AMP+PHASE
DE-Zrk    4  63  -0.15  -1.14   0.62  0.14  0.34  -0.05  127.5   1.11   96.6  -43.6  AMP
FI-Lom    4  60   0.53   0.47   0.77  0.69  0.74   0.48   39.6   0.70   26.7  -13.0  OVERLAP
FI-Si2    3  28   0.37   0.32   1.32  0.60  0.64   0.09   37.4   0.55   32.2   21.9  OVERLAP
FI-Sii    4  61   0.33   0.19   0.78  0.52  0.59   0.29   37.8   0.76   25.8  -10.9  OVERLAP
FR-LGt    4  20  -9.76  -2.09  11.27  3.89 -0.36 -88.33   59.0  11.57   52.3   52.3  MAG+PHASE
JP-BBY    3  39   0.14   0.10   1.03  0.63  0.23  -0.11   49.9   0.75   37.7    2.3  AMP
MY-MLM    7  19 -32.70  -3.52  16.25 31.04  0.08 -4071.38  700.5  17.44  612.5  612.5  MAG+AMP+PHASE
NZ-Kop    3  48  -5.85  -1.45   7.56  2.73  0.05 -248.75  409.2   6.67  402.4  402.4  MAG+AMP+PHASE
SE-Deg    4  50   0.44   0.32   0.70  0.59  0.77   0.44   25.7   0.65   18.3  -11.6  AMP
US-Los    4  59  -0.98  -0.18   2.89  1.48  0.67  -3.44   52.9   2.22   45.6   45.1  MAG
US-Myb    5  99  -0.59   0.01   2.56  1.25  0.76  -3.79  293.0   1.68  271.6  271.6  MAG
US-Sne    5  24  -0.43   0.10   2.41  1.21  0.94  -3.33  227.5   1.45  222.3  222.3  MAG+PHASE
US-Srr    6  34 -115.87  -5.22 100.07 62.99  0.50 -29507.91  417.8 106.36  389.2  389.2  MAG+AMP
US-StJ    6   9  -4.81  -1.29   5.77  4.30  0.82 -86.26  241.8   5.15  223.9  223.9  MAG+AMP
US-Tw1    5  91   0.05   0.25   1.83  1.23  0.61  -1.69  180.4   1.05  160.2  142.3  OVERLAP
US-Tw4    5  61  -0.52  -0.05   2.24  1.81  0.67  -4.37  180.8   1.53  149.3  146.1  MAG+AMP
US-Tw5    5   9   0.73   0.73   1.15  0.82  0.88   0.67   88.2   0.28   73.6   48.4  OVERLAP
US-Uaf    1  46 -107.65  -5.15  91.65 60.88  0.32 -15331.11  416.4 103.94  363.2  363.2  MAG+AMP+PHASE
US-WPT    5  34  -0.61  -3.61   0.04  0.04  0.13  -1.03  260.6   1.34  186.3 -186.3  MAG+AMP+PHASE

scored 23; median KGEln -0.18; KGEln>0.3: 5; legacy OVERLAP: 6
