site cls  n   KGE  KGEln  beta alpha    r    NSE   RMSE  nRMSE    MAE   bias  legacy
BR-Npw    7  29  -7.42  -1.76   6.89  7.01  0.70 -78.79  758.6   8.37  533.6  533.6  MAG+AMP
CA-SCB    3  21   0.59   0.57   0.84  0.77  0.70   0.41   29.6   0.44   22.3  -10.8  OVERLAP
DE-Hte    6  84  -0.22  -1.67   0.21  0.12  0.73  -0.77  222.0   1.09  164.9 -160.8  MAG+AMP
DE-SfN    3  28  -9.02  -1.78  10.51  4.14  0.59 -113.45  128.2  10.11  120.5  120.5  MAG+AMP
DE-Zrk    4  63  -0.31   0.11   2.27  0.80  0.73  -0.84  168.7   1.47  148.1  145.7  MAG
FI-Lom    4  60   0.40   0.36   0.77  0.70  0.53   0.20   49.1   0.87   30.3  -12.9  PHASE
FI-Si2    3  28   0.55   0.45   1.04  0.60  0.81   0.61   24.7   0.36   20.4    2.5  OVERLAP
FI-Sii    4  61   0.53   0.52   1.25  0.76  0.69   0.39   35.0   0.70   28.3   12.6  OVERLAP
FR-LGt    4  20  -8.43  -1.81  10.10  3.24 -0.08 -66.15   51.1  10.03   46.4   46.4  MAG+PHASE
JP-BBY    3  39   0.57   0.56   1.17  0.79  0.67   0.37   37.5   0.56   31.5   11.4  OVERLAP
MY-MLM    7  19 -39.96  -3.84  22.87 35.62  0.08 -7666.62  961.2  23.93  878.5  878.5  MAG+AMP+PHASE
NZ-Kop    3  48  -6.62  -1.68   7.74  4.44  0.12 -273.84  429.2   6.99  413.6  413.6  MAG+AMP+PHASE
SE-Deg    4  50   0.66   0.66   1.10  0.88  0.70   0.45   25.5   0.65   18.7    4.0  OVERLAP
US-Los    4  59  -5.89  -1.40   7.32  3.72  0.76 -44.37  169.0   7.08  150.9  150.9  MAG+AMP
US-Myb    5  99  -0.82  -0.12   2.70  1.63  0.83  -4.87  324.5   1.86  296.9  296.9  MAG
US-Sne    5  24  -0.63  -0.02   2.57  1.46  0.94  -4.45  255.3   1.63  246.3  246.3  MAG+PHASE
US-Srr    6  34 -91.99  -4.96  71.02 62.18  0.44 -16600.73  313.4  79.78  275.1  275.1  MAG+AMP
US-StJ    6   9  -6.67  -1.63   6.44  6.40  0.84 -127.60  293.5   6.26  255.4  255.4  MAG+AMP
US-Tw1    5  91  -0.00   0.22   1.83  1.48  0.70  -1.78  183.4   1.07  153.5  142.3  OVERLAP
US-Tw4    5  61  -0.84  -0.20   2.43  2.13  0.73  -6.08  207.6   1.76  168.9  168.3  MAG+AMP
US-Tw5    5   9   0.81   0.82   1.16  0.98  0.90   0.70   84.1   0.27   75.5   51.4  OVERLAP
US-Uaf    1  46 -40.66  -3.88  38.07 19.98 -0.25 -2359.40  163.4  40.78  148.5  148.5  MAG+AMP+PHASE
US-WPT    5  34  -0.10  -1.22   0.32  0.15  0.84  -0.29  208.1   1.07  147.1 -132.0  MAG+AMP

scored 23; median KGEln -0.20; KGEln>0.3: 7; legacy OVERLAP: 7
