site cls  n   KGE  KGEln  beta alpha    r    NSE   RMSE  nRMSE    MAE   bias  legacy
BR-Npw    7  29  -0.23  -1.37   0.22  0.17  0.54  -0.53  105.1   1.16   78.7  -70.3  MAG+AMP
CA-SCB    3  21  -0.17  -0.85   0.29  0.29  0.39  -1.38   59.8   0.89   49.2  -47.8  MAG+AMP+PHASE
DE-Hte    6  84  -0.29  -2.16   0.13  0.09  0.71  -1.00  235.7   1.16  177.5 -176.1  MAG+AMP
DE-SfN    3  28 -28.12  -3.26  26.94 14.24  0.51 -941.05  367.8  29.02  328.8  328.8  MAG+AMP+PHASE
DE-Zrk    4  63  -6.40  -1.46   7.85  3.80  0.87 -47.59  867.7   7.57  784.3  784.3  MAG+AMP
FI-Lom    4  60   0.08   0.12   1.05  1.48  0.22  -1.55   87.9   1.55   47.1    2.6  PHASE
FI-Si2    3  28   0.28   0.11   0.91  0.48  0.50   0.23   34.6   0.51   28.6   -6.4  OVERLAP
FI-Sii    4  61  -1.60  -0.54   3.11  2.41  0.44  -9.20  143.0   2.87  106.4  104.9  MAG+AMP+PHASE
FR-LGt    4  20 -23.99  -2.86  24.93  8.18  0.60 -439.11  130.9  25.69  122.0  122.0  MAG+AMP
JP-BBY    3  39  -0.15   0.16   1.99  1.55  0.79  -1.89   80.5   1.20   66.0   66.0  MAG
MY-MLM    7  19 -23.50  -3.20  17.56 19.04  0.14 -4028.12  696.8  17.35  665.1  665.1  MAG+AMP+PHASE
NZ-Kop    3  48  -2.18  -0.76   3.89  1.99  0.12 -50.56  185.9   3.03  177.7  177.7  MAG+AMP+PHASE
SE-Deg    4  50  -0.22   0.06   1.69  1.91  0.57  -2.10   60.5   1.54   31.8   27.2  PHASE
US-Los    4  59 -22.93  -2.99  22.10 12.29  0.84 -533.14  580.0  24.30  503.6  503.6  MAG+AMP
US-Myb    5  99   0.53   0.46   1.19  0.63  0.79   0.53   91.5   0.52   73.6   32.4  OVERLAP
US-Sne    5  24   0.04   0.31   1.94  1.18  0.91  -1.08  157.8   1.00  148.3  148.3  OVERLAP
US-Srr    6  34  -9.73  -2.02   9.95  6.91  0.67 -247.47   38.3   9.76   35.2   35.2  MAG+AMP
US-StJ    6   9  -3.64  -1.06   4.30  4.26  0.82 -46.88  179.1   3.82  154.6  154.6  MAG+AMP
US-Tw1    5  91   0.06  -0.51   0.51  0.27  0.66  -0.29  125.0   0.73   90.0  -83.6  AMP
US-Tw4    5  61   0.31   0.16   0.81  0.50  0.56   0.23   68.6   0.58   45.9  -21.9  OVERLAP
US-Tw5    5   9  -0.03  -0.90   0.33  0.21  0.95  -1.55  243.8   0.77  211.0 -211.0  MAG+AMP
US-Uaf    1  46 -24.20  -3.24  23.28 12.70 -0.27 -872.80   99.4  24.81   89.3   89.3  MAG+AMP+PHASE
US-WPT    5  34  -0.59  -0.05   2.38  1.79  0.94  -1.99  316.2   1.62  268.5  268.5  MAG

scored 23; median KGEln -0.85; KGEln>0.3: 2; legacy OVERLAP: 4
