site cls  n   KGE  KGEln  beta alpha    r    NSE   RMSE  nRMSE    MAE   bias  legacy
BR-Npw    7  29  -4.39  -1.26   4.55  5.04  0.58 -33.91  501.8   5.54  324.6  321.2  MAG+AMP
CA-SCB    3  21   0.18  -0.19   0.41  0.46  0.82  -0.51   47.7   0.71   39.9  -39.9  MAG+AMP
DE-Hte    6  84  -0.32  -2.68   0.08  0.07  0.85  -1.14  244.1   1.20  187.1 -186.6  MAG+AMP
DE-SfN    3  28  -0.60  -0.07   2.49  1.35  0.52  -2.89   23.6   1.86   19.0   18.9  MAG+AMP
DE-Zrk    4  63  -0.19  -1.63   0.23  0.11  0.78  -0.33  143.7   1.25   95.1  -87.7  MAG+AMP
FI-Lom    4  60  -0.15  -1.31   0.19  0.21  0.85  -0.39   64.9   1.15   46.0  -46.0  MAG+AMP
FI-Si2    3  28   0.27   0.00   0.59  0.44  0.78  -0.02   39.6   0.58   28.4  -28.1  OVERLAP
FI-Sii    4  61  -0.03  -0.74   0.34  0.26  0.71  -0.23   49.7   1.00   33.3  -32.8  MAG+AMP
FR-LGt    4  20  -1.58  -0.63   3.32  1.43 -0.04  -5.75   16.2   3.18   13.4   11.8  MAG+PHASE
JP-BBY    3  39  -0.11  -0.78   0.29  0.31  0.51  -0.79   63.3   0.95   47.7  -47.5  MAG+AMP
MY-MLM    7  19 -30.35  -3.43  15.23 28.92  0.05 -3545.99  653.8  16.28  571.7  571.7  MAG+AMP+PHASE
NZ-Kop    3  48  -0.27  -0.16   1.79  0.82  0.02  -4.16   58.8   0.96   48.6   48.6  PHASE
SE-Deg    4  50   0.03  -0.60   0.30  0.36  0.83  -0.18   37.3   0.95   27.6  -27.5  MAG+AMP
US-Los    4  59   0.68   0.70   1.25  0.95  0.81   0.58   16.2   0.68   11.8    5.9  OVERLAP
US-Myb    5  99   0.47   0.54   1.46  1.08  0.75   0.10  127.1   0.73   97.8   80.1  OVERLAP
US-Sne    5  24   0.61   0.58   1.24  0.70  0.92   0.68   61.9   0.39   55.7   36.9  PHASE
US-Srr    6  34 -61.46  -4.42  44.97 45.37  0.41 -7063.05  204.4  52.04  172.7  172.7  MAG+AMP
US-StJ    6   9  -5.10  -1.37   5.14  5.48  0.86 -76.98  228.6   4.87  194.3  194.3  MAG+AMP
US-Tw1    5  91   0.59   0.59   1.10  1.01  0.60   0.17  100.1   0.58   73.9   16.8  OVERLAP
US-Tw4    5  61   0.41   0.50   1.32  1.46  0.83   0.05   76.1   0.64   52.5   37.4  OVERLAP
US-Tw5    5   9   0.61   0.55   0.81  0.69  0.86   0.56  101.2   0.32   85.6  -58.9  OVERLAP
US-Uaf    1  46 -39.57  -3.84  31.91 27.28  0.28 -2084.01  153.6  38.33  123.8  123.8  MAG+AMP+PHASE
US-WPT    5  34  -0.47  -4.07   0.03  0.03  0.47  -1.05  261.8   1.34  189.5 -189.5  MAG+AMP+PHASE

scored 23; median KGEln -0.63; KGEln>0.3: 6; legacy OVERLAP: 6
