site cls  n   KGE  KGEln  beta alpha    r    NSE   RMSE  nRMSE    MAE   bias  legacy
BR-Npw    7  29  -2.56  -0.81   3.45  3.55  0.63 -15.01  339.9   3.75  225.5  222.3  MAG+AMP
CA-SCB    3  21   0.66   0.64   0.81  0.82  0.78   0.50   27.4   0.41   20.3  -12.8  OVERLAP
DE-Hte    6  84  -0.20  -1.57   0.22  0.13  0.74  -0.73  219.4   1.08  162.2 -158.5  MAG+AMP
DE-SfN    3  28 -11.40  -2.08  12.53  5.52  0.57 -173.05  158.1  12.47  146.2  146.2  MAG+AMP
DE-Zrk    4  63  -0.77  -0.04   2.75  1.03  0.77  -2.08  218.3   1.91  200.7  200.7  MAG
FI-Lom    4  60   0.46   0.34   0.75  0.58  0.77   0.49   39.5   0.70   24.8  -14.2  PHASE
FI-Si2    3  28   0.54   0.59   1.39  0.89  0.78   0.15   36.3   0.53   30.5   26.6  OVERLAP
FI-Sii    4  61   0.47   0.54   1.48  0.96  0.77   0.27   38.3   0.77   29.0   23.8  OVERLAP
FR-LGt    4  20  -9.15  -1.82  10.86  3.20  0.06 -74.76   54.3  10.66   50.3   50.3  MAG+PHASE
JP-BBY    3  39   0.56   0.58   1.28  0.90  0.68   0.26   40.8   0.61   32.9   18.9  OVERLAP
MY-MLM    7  19 -41.53  -3.90  24.97 36.12  0.10 -8992.30 1041.0  25.92  963.0  963.0  MAG+AMP+PHASE
NZ-Kop    3  48  -2.16  -0.77   3.79  2.20  0.15 -48.02  181.3   2.95  171.4  171.4  MAG+AMP+PHASE
SE-Deg    4  50   0.67   0.70   1.29  1.02  0.83   0.55   22.9   0.58   18.2   11.2  OVERLAP
US-Los    4  59  -7.62  -1.67   8.81  4.65  0.80 -69.33  210.4   8.82  186.3  186.3  MAG+AMP
US-Myb    5  99  -0.70  -0.08   2.57  1.62  0.77  -4.31  308.6   1.77  273.8  273.8  MAG
US-Sne    5  24  -0.52   0.07   2.51  1.15  0.94  -3.87  241.2   1.54  237.3  237.3  MAG
US-Srr    6  34 -64.18  -4.48  45.74 48.39  0.37 -7527.39  211.1  53.72  175.8  175.8  MAG+AMP
US-StJ    6   9  -8.45  -1.89   7.84  7.52  0.87 -197.15  364.3   7.77  320.9  320.9  MAG+AMP
US-Tw1    5  91   0.33   0.41   1.49  1.24  0.62  -0.59  138.5   0.81  113.5   84.1  OVERLAP
US-Tw4    5  61  -0.23   0.11   1.89  1.83  0.84  -2.10  137.4   1.16  106.2  104.9  OVERLAP
US-Tw5    5   9   0.76   0.75   1.11  0.85  0.84   0.65   89.7   0.28   82.2   33.5  OVERLAP
US-Uaf    1  46 -26.32  -3.22  25.36 13.36  0.21 -1014.83  107.2  26.75   97.6   97.6  MAG+AMP+PHASE
US-WPT    5  34  -0.05  -1.00   0.38  0.18  0.80  -0.19  199.3   1.02  140.9 -120.9  MAG+AMP

scored 23; median KGEln -0.08; KGEln>0.3: 8; legacy OVERLAP: 8
