site cls  n   KGE  KGEln  beta alpha    r    NSE   RMSE  nRMSE    MAE   bias  legacy
BR-Npw    7  29  -3.02  -0.94   3.87  3.80  0.63 -18.99  379.7   4.19  263.7  259.7  MAG+AMP
CA-SCB    3  21   0.53   0.46   0.71  0.70  0.80   0.37   30.8   0.46   23.4  -19.6  OVERLAP
DE-Hte    6  84  -0.24  -1.77   0.19  0.11  0.72  -0.83  225.7   1.11  168.2 -165.2  MAG+AMP
DE-SfN    3  28 -10.68  -2.01  11.89  5.20  0.52 -154.25  149.3  11.78  138.0  138.0  MAG+AMP
DE-Zrk    4  63  -0.70  -0.02   2.68  0.99  0.76  -1.89  211.5   1.85  192.9  192.9  MAG
FI-Lom    4  60   0.44   0.30   0.72  0.56  0.78   0.48   39.7   0.70   25.6  -16.1  AMP
FI-Si2    3  28   0.60   0.63   1.31  0.83  0.82   0.38   31.0   0.45   26.1   21.3  OVERLAP
FI-Sii    4  61   0.48   0.53   1.43  0.86  0.74   0.31   37.2   0.75   28.5   21.6  OVERLAP
FR-LGt    4  20  -8.04  -1.72   9.76  3.03  0.02 -60.25   48.8   9.58   44.6   44.6  MAG+PHASE
JP-BBY    3  39   0.57   0.53   1.08  0.72  0.68   0.45   35.0   0.52   28.0    5.1  OVERLAP
MY-MLM    7  19 -38.13  -3.80  23.16 33.24  0.06 -7674.22  961.7  23.94  890.0  890.0  MAG+AMP+PHASE
NZ-Kop    3  48  -4.91  -1.39   6.39  3.23  0.05 -173.52  342.0   5.57  331.0  331.0  MAG+AMP+PHASE
SE-Deg    4  50   0.72   0.74   1.23  0.99  0.84   0.61   21.5   0.55   16.4    8.9  OVERLAP
US-Los    4  59  -8.07  -1.74   9.12  5.03  0.82 -76.72  221.2   9.27  193.9  193.9  MAG+AMP
US-Myb    5  99  -0.60  -0.04   2.49  1.54  0.76  -3.82  293.9   1.68  260.3  260.2  MAG
US-Sne    5  24  -0.48   0.08   2.46  1.21  0.95  -3.61  234.7   1.49  230.1  230.1  MAG+PHASE
US-Srr    6  34 -64.42  -4.48  45.44 49.00  0.39 -7514.87  210.9  53.68  174.6  174.6  MAG+AMP
US-StJ    6   9  -6.86  -1.66   6.58  6.54  0.85 -133.87  300.6   6.41  261.6  261.6  MAG+AMP
US-Tw1    5  91   0.27   0.38   1.57  1.29  0.66  -0.75  145.5   0.85  121.8   98.6  OVERLAP
US-Tw4    5  61  -0.46  -0.03   2.07  1.95  0.70  -3.67  168.8   1.43  129.3  126.1  MAG+AMP
US-Tw5    5   9   0.83   0.83   1.04  0.88  0.89   0.78   70.8   0.22   59.3   11.6  OVERLAP
US-Uaf    1  46 -40.77  -3.84  35.69 24.26  0.32 -2280.98  160.7  40.10  139.0  139.0  MAG+AMP+PHASE
US-WPT    5  34  -0.05  -1.00   0.38  0.18  0.80  -0.19  199.3   1.02  140.9 -120.9  MAG+AMP

scored 23; median KGEln -0.04; KGEln>0.3: 8; legacy OVERLAP: 7
