site cls  n   KGE  KGEln  beta alpha    r    NSE   RMSE  nRMSE    MAE   bias  legacy
BR-Npw    7  29  -6.73  -1.66   6.10  6.79  0.63 -67.28  701.8   7.75  462.3  462.3  MAG+AMP
CA-SCB    3  21   0.76   0.76   0.96  0.99  0.77   0.53   26.5   0.39   20.3   -2.7  OVERLAP
DE-Hte    6  84  -0.20  -1.54   0.21  0.14  0.73  -0.74  219.8   1.08  163.4 -159.7  MAG+AMP
DE-SfN    3  28  -2.63  -0.72   4.43  2.08  0.54 -15.25   48.3   3.81   43.5   43.5  MAG+AMP+PHASE
DE-Zrk    4  63  -0.09  -1.12   0.44  0.15  0.61  -0.11  131.0   1.14   92.5  -64.3  MAG+AMP
FI-Lom    4  60   0.23  -0.07   0.47  0.48  0.80   0.24   48.0   0.85   30.9  -29.8  MAG+AMP
FI-Si2    3  28   0.55   0.45   0.94  0.60  0.79   0.58   25.6   0.37   20.1   -4.4  OVERLAP
FI-Sii    4  61   0.20  -0.08   0.52  0.45  0.68   0.13   41.7   0.84   27.8  -23.7  AMP
FR-LGt    4  20  -5.16  -1.47   6.67  3.15 -0.09 -31.96   35.8   7.03   29.3   28.9  MAG+PHASE
JP-BBY    3  39   0.32   0.24   0.74  0.60  0.52   0.12   44.4   0.66   30.7  -17.7  OVERLAP
MY-MLM    7  19 -39.64  -3.77  19.81 37.01  0.09 -6102.17  857.6  21.35  755.7  755.7  MAG+AMP+PHASE
NZ-Kop    3  48  -4.26  -1.28   5.67  3.25  0.11 -132.19  298.8   4.87  286.4  286.4  MAG+AMP+PHASE
SE-Deg    4  50   0.19  -0.14   0.44  0.47  0.75   0.08   32.9   0.84   23.0  -21.9  MAG+AMP
US-Los    4  59  -0.11   0.20   2.02  1.36  0.77  -0.70   32.8   1.37   25.3   24.4  MAG
US-Myb    5  99  -0.10   0.20   2.01  1.37  0.78  -1.47  210.6   1.21  177.7  175.8  OVERLAP
US-Sne    5  24   0.06   0.31   1.88  1.31  0.93  -0.89  150.2   0.96  138.5  138.5  PHASE
US-Srr    6  34 -96.07  -5.01  76.07 62.54  0.51 -18547.46  331.3  84.33  294.9  294.9  MAG+AMP
US-StJ    6   9  -4.49  -1.25   4.82  4.95  0.86 -63.85  208.4   4.44  179.0  179.0  MAG+AMP
US-Tw1    5  91   0.14   0.29   1.67  1.43  0.67  -1.23  164.0   0.96  135.7  115.5  OVERLAP
US-Tw4    5  61  -0.49  -0.05   2.05  2.02  0.72  -3.73  169.7   1.44  127.7  124.4  MAG+AMP
US-Tw5    5   9   0.86   0.86   1.06  0.93  0.90   0.78   71.0   0.22   62.0   19.4  OVERLAP
US-Uaf    1  46 -66.15  -4.52  53.93 42.32  0.29 -5742.08  254.9  63.61  212.1  212.1  MAG+AMP+PHASE
US-WPT    5  34  -0.46  -4.29   0.02  0.02  0.53  -1.06  262.4   1.35  190.4 -190.4  MAG+AMP

scored 23; median KGEln -0.14; KGEln>0.3: 4; legacy OVERLAP: 6
