site cls  n   KGE  KGEln  beta alpha    r    NSE   RMSE  nRMSE    MAE   bias  legacy
BR-Npw    7  29  -3.48  -1.05   3.94  4.35  0.57 -23.75  422.5   4.66  270.3  266.0  MAG+AMP
CA-SCB    3  21   0.26  -0.01   0.55  0.46  0.78  -0.10   40.6   0.60   31.7  -30.1  OVERLAP
DE-Hte    6  84  -0.32  -2.57   0.11  0.06  0.73  -1.08  240.5   1.18  181.2 -179.8  MAG+AMP
DE-SfN    3  28  -1.71  -0.42   3.64  1.17  0.42  -8.18   36.3   2.86   33.4   33.4  MAG
DE-Zrk    4  63  -0.21  -1.47   0.35  0.11  0.50  -0.25  139.4   1.22   95.4  -74.0  MAG+AMP
FI-Lom    4  60   0.00  -0.62   0.33  0.32  0.72  -0.12   58.2   1.03   38.6  -37.9  MAG+AMP
FI-Si2    3  28   0.26  -0.02   0.81  0.40  0.62   0.22   34.7   0.51   26.4  -13.1  OVERLAP
FI-Sii    4  61   0.03  -0.45   0.50  0.30  0.53  -0.07   46.3   0.93   30.2  -24.6  AMP
FR-LGt    4  20  -3.47  -1.23   5.18  1.72 -0.40 -15.99   25.7   5.05   22.3   21.3  MAG+PHASE
JP-BBY    3  39  -0.19  -0.53   0.44  0.37  0.15  -0.65   60.8   0.91   44.6  -37.3  MAG+AMP+PHASE
MY-MLM    7  19 -26.86  -3.26  13.19 26.03  0.05 -2664.95  566.8  14.11  489.6  489.6  MAG+AMP+PHASE
NZ-Kop    3  48  -0.93  -0.52   2.50  0.84 -0.20 -13.68   99.2   1.62   92.0   92.0  MAG+PHASE
SE-Deg    4  50   0.20  -0.14   0.47  0.43  0.79   0.13   32.0   0.82   22.3  -20.7  MAG+AMP
US-Los    4  59   0.07   0.27   1.85  0.98  0.61  -0.41   29.8   1.25   23.7   20.3  OVERLAP
US-Myb    5  99   0.06   0.30   1.90  1.02  0.72  -0.94  186.3   1.07  163.8  156.3  OVERLAP
US-Sne    5  24   0.26   0.25   1.57  0.56  0.84  -0.04  111.5   0.71  100.3   89.6  OVERLAP
US-Srr    6  34 -73.16  -4.65  59.22 46.93  0.35 -11010.46  255.2  64.97  228.7  228.7  MAG+AMP
US-StJ    6   9  -5.16  -1.35   6.14  4.39  0.85 -98.49  258.1   5.50  240.9  240.9  MAG+AMP
US-Tw1    5  91   0.48   0.49   1.22  0.89  0.54   0.05  107.3   0.63   88.8   38.1  OVERLAP
US-Tw4    5  61   0.36   0.46   1.48  1.38  0.80  -0.20   85.5   0.72   65.0   56.2  OVERLAP
US-Tw5    5   9   0.52   0.40   0.88  0.58  0.80   0.52  105.5   0.33   97.6  -38.9  OVERLAP
US-Uaf    1  46 -66.19  -4.50  55.13 40.80  0.33 -5796.65  256.1  63.91  216.9  216.9  MAG+AMP+PHASE
US-WPT    5  34  -0.61  -3.61   0.04  0.04  0.13  -1.03  260.6   1.34  186.3 -186.3  MAG+AMP+PHASE

scored 23; median KGEln -0.52; KGEln>0.3: 4; legacy OVERLAP: 8
