site cls  n   KGE  KGEln  beta alpha    r    NSE   RMSE  nRMSE    MAE   bias  legacy
BR-Npw    7  29  -0.37  -2.06   0.13  0.11  0.42  -0.78  113.2   1.25   84.1  -78.6  MAG+AMP+PHASE
CA-SCB    3  21  -0.31  -2.02   0.10  0.14  0.58  -2.30   70.3   1.04   60.5  -60.5  MAG+AMP
DE-Hte    6  84  -0.44  -4.47   0.02  0.02  0.59  -1.40  258.3   1.27  199.1 -199.0  MAG+AMP
DE-SfN    3  28   0.36   0.31   1.05  0.64  0.47   0.19   10.8   0.85    7.5    0.7  OVERLAP
DE-Zrk    4  63  -0.30  -2.29   0.14  0.07  0.70  -0.53  154.2   1.35  102.3  -99.0  MAG+AMP
FI-Lom    4  60  -0.40  -2.96   0.06  0.06  0.55  -0.87   75.2   1.33   53.2  -53.2  MAG+AMP
FI-Si2    3  28  -0.26  -2.04   0.13  0.10  0.85  -2.11   69.3   1.01   59.3  -59.3  MAG+AMP
FI-Sii    4  61  -0.40  -2.70   0.07  0.08  0.52  -0.99   63.1   1.27   46.1  -46.1  MAG+AMP
FR-LGt    4  20  -0.08  -0.13   0.86  0.61 -0.00  -0.39    7.4   1.44    5.6   -0.7  AMP+PHASE
JP-BBY    3  39  -0.23  -1.31   0.19  0.22  0.50  -1.15   69.5   1.04   54.5  -54.5  MAG+AMP
MY-MLM    7  19  -4.70  -1.45   3.60  5.95 -0.09 -127.09  124.2   3.09  104.5  104.5  MAG+AMP+PHASE
NZ-Kop    3  48  -0.28  -1.16   0.22  0.26  0.32  -3.35   54.0   0.88   48.1  -48.1  MAG+AMP
SE-Deg    4  50  -0.43  -2.70   0.07  0.08  0.41  -1.07   49.4   1.26   36.7  -36.5  MAG+AMP
US-Los    4  59   0.11  -0.33   0.48  0.35  0.70   0.12   23.5   0.99   14.5  -12.4  MAG+AMP
US-Myb    5  99  -0.46  -2.50   0.10  0.08  0.32  -1.34  205.0   1.17  158.3 -157.8  MAG+AMP+PHASE
US-Sne    5  24  -0.31  -2.03   0.12  0.12  0.58  -1.48  172.3   1.10  138.7 -138.7  MAG+AMP
US-Srr    6  34  -0.36  -0.36   0.60  1.52 -0.19  -3.32    5.1   1.29    3.5   -1.6  PHASE
US-StJ    6   9  -0.08  -1.01   0.31  0.20  0.80  -1.29   39.2   0.84   32.4  -32.4  MAG+AMP
US-Tw1    5  91  -0.18  -1.17   0.23  0.22  0.56  -1.26  165.1   0.96  132.6 -132.6  MAG+AMP+PHASE
US-Tw4    5  61   0.02  -0.56   0.34  0.34  0.70  -0.63   99.8   0.84   77.9  -77.9  MAG+AMP
US-Tw5    5   9  -0.34  -2.25   0.10  0.10  0.56  -3.36  318.9   1.01  284.3 -284.3  MAG+AMP
US-Uaf    1  46   0.05   0.02   1.04  0.68  0.10  -0.32    3.9   0.97    3.0    0.1  PHASE
US-WPT    5  34  -0.66  -9.29   0.00  0.00  0.14  -1.13  267.3   1.37  194.9 -194.9  MAG+AMP+PHASE

scored 23; median KGEln -2.02; KGEln>0.3: 1; legacy OVERLAP: 1
