site cls  n   KGE  KGEln  beta alpha    r    NSE   RMSE  nRMSE    MAE   bias  legacy
BR-Npw    7  29  -5.24  -1.41   5.14  5.65  0.61 -44.53  573.1   6.33  375.4  375.4  MAG+AMP
CA-SCB    3  21   0.80   0.80   1.03  1.04  0.81   0.59   24.8   0.37   18.8    1.7  OVERLAP
DE-Hte    6  84  -0.20  -1.56   0.22  0.13  0.74  -0.73  219.6   1.08  162.8 -159.0  MAG+AMP
DE-SfN    3  28 -11.15  -2.07  12.29  5.47  0.52 -166.91  155.3  12.25  143.1  143.1  MAG+AMP+PHASE
DE-Zrk    4  63  -0.77  -0.04   2.75  1.02  0.76  -2.09  218.8   1.91  200.8  200.8  MAG
FI-Lom    4  60   0.60   0.55   0.85  0.69  0.79   0.59   35.1   0.62   23.5   -8.5  OVERLAP
FI-Si2    3  28   0.59   0.62   1.35  0.86  0.83   0.32   32.5   0.48   27.6   24.0  OVERLAP
FI-Sii    4  61   0.48   0.55   1.45  0.91  0.77   0.31   37.1   0.75   27.7   22.5  OVERLAP
FR-LGt    4  20  -9.20  -1.82  10.92  3.17  0.04 -75.39   54.5  10.70   50.6   50.6  MAG+PHASE
JP-BBY    3  39   0.58   0.59   1.25  0.87  0.68   0.31   39.4   0.59   32.4   16.6  OVERLAP
MY-MLM    7  19 -40.14  -3.86  23.93 35.15  0.08 -8270.60  998.4  24.86  921.1  921.1  MAG+AMP+PHASE
NZ-Kop    3  48  -5.55  -1.50   6.82  3.86  0.14 -204.46  371.1   6.05  357.5  357.5  MAG+AMP+PHASE
SE-Deg    4  50   0.67   0.70   1.29  1.02  0.84   0.56   22.7   0.58   19.2   11.2  OVERLAP
US-Los    4  59  -7.68  -1.68   8.84  4.73  0.81 -70.30  211.9   8.88  187.1  187.1  MAG+AMP
US-Myb    5  99  -0.66  -0.06   2.54  1.59  0.79  -4.06  301.3   1.73  268.8  268.8  MAG
US-Sne    5  24  -0.68  -0.03   2.61  1.46  0.94  -4.73  261.8   1.67  253.0  253.0  MAG+PHASE
US-Srr    6  34 -83.34  -4.82  63.99 57.08  0.49 -13551.88  283.2  72.08  247.5  247.5  MAG+AMP
US-StJ    6   9  -7.02  -1.69   6.68  6.66  0.84 -139.22  306.5   6.53  266.5  266.5  MAG+AMP
US-Tw1    5  91   0.05   0.25   1.75  1.47  0.67  -1.56  175.8   1.02  146.5  129.0  OVERLAP
US-Tw4    5  61  -0.77  -0.17   2.28  2.18  0.70  -5.44  198.1   1.68  152.9  151.3  MAG+AMP
US-Tw5    5   9   0.83   0.83   1.14  0.99  0.89   0.71   81.9   0.26   73.5   42.8  OVERLAP
US-Uaf    1  46 -39.25  -3.76  36.47 20.01  0.14 -2179.93  157.1  39.20  142.1  142.1  MAG+AMP+PHASE
US-WPT    5  34  -0.05  -1.00   0.38  0.18  0.80  -0.19  199.3   1.02  140.9 -120.9  MAG+AMP

scored 23; median KGEln -0.17; KGEln>0.3: 7; legacy OVERLAP: 8
