site cls  n   KGE  KGEln  beta alpha    r    NSE   RMSE  nRMSE    MAE   bias  legacy
BR-Npw    7  29  -4.76  -1.33   4.84  5.27  0.59 -38.36  532.8   5.88  350.6  347.5  MAG+AMP
CA-SCB    3  21   0.18  -0.20   0.42  0.45  0.82  -0.50   47.4   0.70   39.5  -39.5  MAG+AMP
DE-Hte    6  84  -0.32  -2.68   0.08  0.07  0.84  -1.14  243.9   1.20  186.5 -186.0  MAG+AMP
DE-SfN    3  28  -0.64  -0.09   2.53  1.32  0.51  -3.02   24.0   1.90   19.7   19.4  MAG+PHASE
DE-Zrk    4  63  -0.19  -1.63   0.24  0.11  0.80  -0.32  143.2   1.25   94.7  -87.1  MAG+AMP
FI-Lom    4  60  -0.14  -1.29   0.19  0.21  0.83  -0.39   64.9   1.15   45.7  -45.7  MAG+AMP
FI-Si2    3  28   0.25  -0.04   0.60  0.42  0.76  -0.03   39.9   0.58   28.4  -27.6  OVERLAP
FI-Sii    4  61  -0.04  -0.76   0.35  0.26  0.68  -0.25   50.0   1.00   33.3  -32.5  MAG+AMP
FR-LGt    4  20  -1.74  -0.69   3.48  1.33 -0.11  -6.16   16.7   3.28   14.1   12.6  MAG+PHASE
JP-BBY    3  39  -0.12  -0.75   0.30  0.31  0.46  -0.78   63.2   0.94   47.3  -46.7  MAG+AMP
MY-MLM    7  19 -32.32  -3.51  16.17 30.66  0.05 -4017.76  695.9  17.33  609.3  609.3  MAG+AMP+PHASE
NZ-Kop    3  48  -0.36  -0.22   1.88  0.84 -0.03  -5.08   63.8   1.04   53.8   53.8  PHASE
SE-Deg    4  50   0.03  -0.60   0.30  0.35  0.81  -0.19   37.4   0.95   27.5  -27.4  MAG+AMP
US-Los    4  59   0.65   0.67   1.27  0.92  0.79   0.54   17.0   0.71   12.1    6.5  OVERLAP
US-Myb    5  99   0.41   0.50   1.52  1.09  0.75  -0.02  135.4   0.78  106.7   90.9  OVERLAP
US-Sne    5  24   0.58   0.55   1.27  0.69  0.92   0.64   65.5   0.42   58.2   42.3  PHASE
US-Srr    6  34 -63.31  -4.46  47.13 45.80  0.41 -7611.66  212.2  54.02  181.2  181.2  MAG+AMP
US-StJ    6   9  -5.23  -1.39   5.29  5.51  0.87 -81.21  234.7   5.00  201.2  201.2  MAG+AMP
US-Tw1    5  91   0.58   0.58   1.13  1.00  0.60   0.16  100.8   0.59   75.9   22.2  OVERLAP
US-Tw4    5  61   0.40   0.49   1.35  1.45  0.83   0.01   77.8   0.66   53.9   41.6  OVERLAP
US-Tw5    5   9   0.60   0.54   0.83  0.67  0.85   0.56  100.9   0.32   87.7  -54.5  OVERLAP
US-Uaf    1  46 -41.11  -3.89  33.09 28.26  0.31 -2242.66  159.3  39.76  128.6  128.6  MAG+AMP+PHASE
US-WPT    5  34  -0.47  -4.07   0.03  0.03  0.47  -1.05  261.8   1.34  189.5 -189.5  MAG+AMP+PHASE

scored 23; median KGEln -0.69; KGEln>0.3: 6; legacy OVERLAP: 6
