site cls  n   KGE  KGEln  beta alpha    r    NSE   RMSE  nRMSE    MAE   bias  legacy
BR-Npw    7  29  -4.31  -1.18   5.54  3.74  0.74 -31.93  487.4   5.38  411.6  411.6  MAG+AMP
CA-SCB    3  21   0.62   0.62   1.14  1.00  0.64   0.23   34.0   0.50   25.5    9.1  OVERLAP
DE-Hte    6  84   0.02  -0.63   0.50  0.24  0.64  -0.13  177.0   0.87  131.9 -102.2  AMP
DE-SfN    3  28 -18.02  -2.63  18.57  8.28  0.54 -404.86  241.4  19.05  222.7  222.7  MAG+AMP+PHASE
DE-Zrk    4  63  -1.79  -0.40   3.72  1.56  0.80  -6.21  334.3   2.92  311.8  311.8  MAG
FI-Lom    4  60   0.17   0.22   1.23  1.46  0.35  -1.16   80.8   1.43   39.9   13.0  PHASE
FI-Si2    3  28   0.09   0.34   1.89  0.92  0.84  -1.69   64.5   0.94   60.7   60.7  MAG
FI-Sii    4  61  -0.48   0.03   2.42  1.31  0.70  -2.38   82.3   1.65   70.8   70.7  MAG
FR-LGt    4  20 -42.62  -3.56  43.07 12.51  0.54 -1323.50  227.1  44.56  214.4  214.4  MAG+AMP
JP-BBY    3  39  -1.42  -0.41   2.96  2.40  0.82  -9.47  153.3   2.29  131.0  131.0  MAG+AMP
MY-MLM    7  19 -29.21  -3.47  24.58 19.86  0.10 -7837.94  971.9  24.20  947.3  947.3  MAG+AMP+PHASE
NZ-Kop    3  48  -6.22  -1.61   7.42  4.20  0.15 -248.16  408.7   6.66  394.2  394.2  MAG+AMP+PHASE
SE-Deg    4  50  -0.08   0.19   1.91  1.54  0.79  -1.04   49.1   1.25   36.9   35.9  OVERLAP
US-Los    4  59 -11.29  -2.12  11.99  6.50  0.82 -140.95  299.0  12.53  262.3  262.3  MAG+AMP
US-Myb    5  99  -0.14   0.20   2.09  1.17  0.74  -1.67  218.7   1.25  191.6  191.1  MAG
US-Sne    5  24  -0.41   0.08   2.36  1.37  0.89  -3.24  225.3   1.43  213.0  213.0  MAG
US-Srr    6  34 -49.70  -3.80  49.41 16.06  0.64 -6349.52  193.8  49.34  190.2  190.2  MAG+AMP
US-StJ    6   9  -3.02  -0.89   4.25  3.36  0.88 -40.16  166.0   3.54  152.7  152.7  MAG+AMP
US-Tw1    5  91   0.34   0.45   1.59  1.06  0.72  -0.46  132.7   0.77  112.7  101.7  PHASE
US-Tw4    5  61  -0.45   0.01   2.30  1.55  0.71  -4.11  176.4   1.49  154.0  154.0  MAG+AMP
US-Tw5    5   9   0.56   0.44   0.91  0.58  0.91   0.68   86.0   0.27   76.5  -29.5  OVERLAP
US-Uaf    1  46 -50.60  -4.22  44.48 28.75 -0.25 -3524.63  199.7  49.84  174.2  174.2  MAG+AMP+PHASE
US-WPT    5  34   0.19  -0.30   0.61  0.30  0.86   0.25  158.1   0.81  116.2  -76.5  AMP

scored 23; median KGEln -0.40; KGEln>0.3: 4; legacy OVERLAP: 3
