site cls  n   KGE  KGEln  beta alpha    r    NSE   RMSE  nRMSE    MAE   bias  legacy
BR-Npw    7  29  -6.82  -1.68   6.06  6.95  0.60 -69.18  711.5   7.85  461.1  458.8  MAG+AMP
CA-SCB    3  21   0.39   0.22   0.56  0.61  0.81   0.03   38.1   0.56   30.5  -29.5  OVERLAP
DE-Hte    6  84  -0.31  -2.52   0.09  0.07  0.84  -1.10  241.7   1.19  184.8 -184.1  MAG+AMP
DE-SfN    3  28  -0.97  -0.23   2.84  1.46  0.47  -4.53   28.2   2.22   23.5   23.3  MAG+AMP+PHASE
DE-Zrk    4  63  -0.19  -1.60   0.24  0.11  0.78  -0.32  143.1   1.25   94.6  -86.6  MAG+AMP
FI-Lom    4  60  -0.10  -1.09   0.22  0.24  0.83  -0.30   62.8   1.11   44.0  -44.0  MAG+AMP
FI-Si2    3  28   0.27  -0.02   0.63  0.42  0.76   0.04   38.6   0.56   26.8  -25.5  AMP
FI-Sii    4  61   0.01  -0.60   0.38  0.29  0.69  -0.15   48.1   0.97   31.9  -30.6  MAG+AMP
FR-LGt    4  20  -2.39  -0.88   4.13  1.61 -0.14  -9.59   20.3   3.99   17.0   16.0  MAG+PHASE
JP-BBY    3  39   0.00  -0.41   0.40  0.39  0.49  -0.50   57.9   0.87   42.0  -40.3  MAG+AMP
MY-MLM    7  19 -39.60  -3.76  19.54 37.11  0.11 -5969.64  848.2  21.12  744.6  744.6  MAG+AMP+PHASE
NZ-Kop    3  48  -0.62  -0.26   2.33  1.10  0.08 -10.95   89.5   1.46   81.5   81.5  MAG+PHASE
SE-Deg    4  50   0.05  -0.53   0.32  0.37  0.82  -0.14   36.6   0.93   26.9  -26.8  MAG+AMP
US-Los    4  59   0.66   0.67   1.20  0.83  0.78   0.58   16.3   0.68   11.8    4.7  OVERLAP
US-Myb    5  99   0.11   0.32   1.81  1.26  0.76  -0.79  179.4   1.03  147.3  141.9  OVERLAP
US-Sne    5  24   0.43   0.53   1.55  0.86  0.92   0.23   96.1   0.61   90.3   86.1  OVERLAP
US-Srr    6  34 -75.98  -4.70  58.14 52.58  0.45 -11232.44  257.8  65.63  224.5  224.5  MAG+AMP
US-StJ    6   9  -6.15  -1.55   5.94  6.17  0.87 -107.56  269.7   5.75  231.8  231.8  MAG+AMP
US-Tw1    5  91   0.44   0.48   1.35  1.18  0.60  -0.26  123.3   0.72   97.7   59.2  OVERLAP
US-Tw4    5  61   0.07   0.27   1.59  1.71  0.83  -0.87  106.9   0.91   77.4   69.3  OVERLAP
US-Tw5    5   9   0.75   0.73   0.98  0.80  0.86   0.73   78.6   0.25   73.4   -6.4  OVERLAP
US-Uaf    1  46 -49.03  -4.12  39.73 32.66  0.30 -3175.93  189.6  47.31  155.2  155.2  MAG+AMP+PHASE
US-WPT    5  34  -0.47  -4.07   0.03  0.03  0.47  -1.05  261.8   1.34  189.5 -189.5  MAG+AMP+PHASE

scored 23; median KGEln -0.53; KGEln>0.3: 5; legacy OVERLAP: 7
