site cls  n   KGE  KGEln  beta alpha    r    NSE   RMSE  nRMSE    MAE   bias  legacy
BR-Npw    7  29   0.14  -0.35   0.48  0.32  0.90   0.18   77.1   0.85   57.4  -46.7  AMP
CA-SCB    3  21   0.04  -0.15   0.45  0.63  0.31  -0.92   53.7   0.80   43.3  -36.9  MAG+PHASE
DE-Hte    6  84  -0.32  -2.77   0.08  0.06  0.84  -1.15  244.5   1.20  186.4 -186.0  MAG+AMP
DE-SfN    3  28 -64.52  -4.45  53.54 40.15  0.48 -4662.04  818.4  64.56  666.0  666.0  MAG+AMP+PHASE
DE-Zrk    4  63 -10.90  -2.06  11.84  5.90  0.70 -125.93 1402.5  12.24 1241.5 1241.5  MAG+AMP+PHASE
FI-Lom    4  60  -1.85  -0.53   3.52  2.29  0.73  -8.63  170.9   3.02  145.8  142.8  MAG
FI-Si2    3  28  -1.23  -0.33   2.84  2.26  0.90 -11.28  137.8   2.01  125.8  125.8  MAG+AMP
FI-Sii    4  61  -6.98  -1.68   6.76  6.52  0.84 -72.47  383.8   7.71  288.5  286.8  MAG+AMP
FR-LGt    4  20 -26.59  -2.96  27.54  8.54  0.75 -529.77  143.8  28.21  135.2  135.2  MAG+AMP
JP-BBY    3  39  -3.89  -1.12   4.34  4.56  0.76 -36.10  288.5   4.31  223.8  223.7  MAG+AMP
MY-MLM    7  19 -28.83  -3.39  29.17 10.70 -0.49 -10752.84 1138.4  28.34 1131.7 1131.7  MAG+AMP+PHASE
NZ-Kop    3  48  -3.14  -0.93   4.52  3.16  0.66 -75.48  226.4   3.69  216.1  216.1  MAG+AMP
SE-Deg    4  50  -6.40  -1.59   5.84  6.58  0.76 -63.96  276.9   7.06  193.1  190.1  MAG+AMP+PHASE
US-Los    4  59 -45.58  -3.97  37.91 29.41  0.85 -2047.56 1135.8  47.58  881.0  881.0  MAG+AMP
US-Myb    5  99   0.28   0.20   1.35  0.56  0.55   0.10  127.0   0.73  102.2   60.7  OVERLAP
US-Sne    5  24  -0.32   0.08   2.25  1.06  0.57  -3.12  222.1   1.41  196.1  196.1  MAG
US-Srr    6  34  -9.48  -2.02   9.32  7.35  0.62 -225.59   36.6   9.32   32.7   32.7  MAG+AMP
US-StJ    6   9  -4.73  -1.24   6.09  3.61  0.69 -93.16  251.1   5.35  238.7  238.7  MAG+AMP
US-Tw1    5  91   0.05  -0.59   0.52  0.24  0.67  -0.28  124.6   0.73   88.2  -81.5  AMP
US-Tw4    5  61   0.25   0.09   0.88  0.48  0.48   0.19   70.1   0.59   49.7  -14.7  OVERLAP
US-Tw5    5   9  -0.06  -1.01   0.34  0.19  0.88  -1.58  245.3   0.78  212.5 -208.9  MAG+AMP
US-Uaf    1  46 -53.88  -4.25  44.87 33.97  0.20 -3871.35  209.3  52.23  175.8  175.8  MAG+AMP+PHASE
US-WPT    5  34  -4.01  -1.14   4.88  4.17  0.87 -27.22  972.0   4.99  756.3  756.3  MAG+AMP

scored 23; median KGEln -1.14; KGEln>0.3: 0; legacy OVERLAP: 2
