site cls  n   KGE  KGEln  beta alpha    r    NSE   RMSE  nRMSE    MAE   bias  legacy
BR-Npw    7  29  -4.75  -1.33   4.82  5.27  0.59 -38.19  531.7   5.87  349.2  346.1  MAG+AMP
CA-SCB    3  21   0.14  -0.29   0.39  0.43  0.82  -0.62   49.3   0.73   41.4  -41.4  MAG+AMP
DE-Hte    6  84  -0.33  -2.78   0.08  0.06  0.84  -1.16  245.4   1.21  188.3 -187.7  MAG+AMP
DE-SfN    3  28  -0.52  -0.04   2.42  1.20  0.49  -2.52   22.5   1.77   18.4   18.0  MAG
DE-Zrk    4  63  -0.20  -1.72   0.22  0.11  0.80  -0.36  145.1   1.27   95.7  -89.6  MAG+AMP
FI-Lom    4  60  -0.16  -1.37   0.18  0.19  0.85  -0.42   65.5   1.16   46.4  -46.4  MAG+AMP
FI-Si2    3  28   0.19  -0.19   0.55  0.37  0.77  -0.19   43.0   0.63   31.8  -31.1  AMP
FI-Sii    4  61  -0.06  -0.85   0.32  0.24  0.70  -0.29   50.8   1.02   34.1  -33.7  MAG+AMP
FR-LGt    4  20  -1.54  -0.64   3.27  1.40 -0.08  -5.62   16.1   3.15   13.4   11.6  MAG+PHASE
JP-BBY    3  39  -0.11  -0.89   0.25  0.30  0.58  -0.87   64.7   0.97   50.4  -50.2  MAG+AMP
MY-MLM    7  19 -32.18  -3.51  16.17 30.49  0.03 -4007.11  695.0  17.30  609.2  609.2  MAG+AMP+PHASE
NZ-Kop    3  48  -0.29  -0.19   1.74  0.79 -0.03  -3.78   56.6   0.92   45.7   45.6  PHASE
SE-Deg    4  50  -0.01  -0.73   0.29  0.31  0.80  -0.27   38.7   0.99   28.1  -28.1  MAG+AMP
US-Los    4  59   0.65   0.67   1.26  0.94  0.77   0.51   17.5   0.73   12.5    6.2  OVERLAP
US-Myb    5  99   0.49   0.55   1.44  1.01  0.74   0.15  123.4   0.71   96.9   76.6  OVERLAP
US-Sne    5  24   0.61   0.57   1.22  0.69  0.92   0.69   60.6   0.39   53.3   34.2  OVERLAP
US-Srr    6  34 -61.38  -4.42  45.31 44.91  0.40 -7102.49  205.0  52.19  174.1  174.1  MAG+AMP
US-StJ    6   9  -4.75  -1.30   4.94  5.18  0.87 -68.86  216.3   4.61  185.0  185.0  MAG+AMP
US-Tw1    5  91   0.59   0.59   1.10  0.97  0.60   0.20   98.4   0.57   72.9   16.3  OVERLAP
US-Tw4    5  61   0.47   0.54   1.29  1.40  0.83   0.15   71.9   0.61   49.5   34.7  OVERLAP
US-Tw5    5   9   0.57   0.50   0.80  0.65  0.85   0.52  106.1   0.34   89.3  -62.7  OVERLAP
US-Uaf    1  46 -35.69  -3.69  29.63 23.93  0.34 -1719.83  139.5  34.82  114.7  114.7  MAG+AMP+PHASE
US-WPT    5  34  -0.49  -4.91   0.01  0.02  0.48  -1.09  264.4   1.36  192.4 -192.4  MAG+AMP

scored 23; median KGEln -0.73; KGEln>0.3: 6; legacy OVERLAP: 6
