site cls  n   KGE  KGEln  beta alpha    r    NSE   RMSE  nRMSE    MAE   bias  legacy
BR-Npw    7  29  -2.82  -0.88   3.66  3.72  0.65 -17.05  360.9   3.98  242.8  241.1  MAG+AMP
CA-SCB    3  21   0.68   0.66   0.83  0.84  0.79   0.52   26.7   0.40   19.9  -11.8  OVERLAP
DE-Hte    6  84  -0.19  -1.53   0.22  0.13  0.73  -0.72  218.6   1.08  161.6 -157.6  MAG+AMP
DE-SfN    3  28 -11.19  -2.07  12.31  5.52  0.53 -167.78  155.7  12.28  143.4  143.4  MAG+AMP+PHASE
DE-Zrk    4  63  -0.77  -0.04   2.76  1.03  0.77  -2.10  219.2   1.91  201.3  201.3  MAG
FI-Lom    4  60   0.62   0.58   0.83  0.73  0.80   0.60   34.8   0.62   23.2   -9.5  OVERLAP
FI-Si2    3  28   0.55   0.60   1.40  0.89  0.82   0.18   35.6   0.52   30.3   27.3  OVERLAP
FI-Sii    4  61   0.46   0.54   1.48  0.93  0.77   0.28   38.1   0.77   29.4   23.9  OVERLAP
FR-LGt    4  20  -9.21  -1.82  10.93  3.18  0.04 -75.60   54.6  10.72   50.6   50.6  MAG+PHASE
JP-BBY    3  39   0.58   0.59   1.25  0.86  0.69   0.32   39.2   0.59   32.2   16.6  OVERLAP
MY-MLM    7  19 -42.50  -3.93  25.54 36.91  0.10 -9416.09 1065.3  26.52  985.6  985.6  MAG+AMP+PHASE
NZ-Kop    3  48  -5.54  -1.50   6.93  3.59  0.07 -210.17  376.3   6.13  364.1  364.1  MAG+AMP+PHASE
SE-Deg    4  50   0.67   0.70   1.28  1.03  0.82   0.53   23.5   0.60   19.6   10.9  OVERLAP
US-Los    4  59  -7.85  -1.71   8.95  4.87  0.82 -72.96  215.8   9.04  189.9  189.9  MAG+AMP
US-Myb    5  99  -0.86  -0.15   2.71  1.69  0.76  -5.27  335.2   1.92  299.0  299.0  MAG
US-Sne    5  24  -0.79  -0.07   2.73  1.43  0.95  -5.53  279.5   1.78  272.1  272.1  MAG+PHASE
US-Srr    6  34 -67.05  -4.54  47.72 50.47  0.41 -8199.82  220.3  56.07  183.5  183.5  MAG+AMP
US-StJ    6   9  -7.09  -1.70   6.72  6.72  0.85 -141.25  308.7   6.58  268.3  268.3  MAG+AMP
US-Tw1    5  91  -0.07   0.18   1.88  1.50  0.67  -2.12  194.3   1.13  163.3  151.1  OVERLAP
US-Tw4    5  61  -0.93  -0.24   2.45  2.23  0.70  -6.68  216.3   1.83  172.7  171.7  MAG+AMP
US-Tw5    5   9   0.76   0.78   1.22  1.03  0.90   0.59   98.1   0.31   85.1   69.0  OVERLAP
US-Uaf    1  46 -32.08  -3.48  30.48 15.98  0.15 -1483.96  129.6  32.35  118.1  118.1  MAG+AMP+PHASE
US-WPT    5  34  -0.05  -1.00   0.38  0.18  0.80  -0.19  199.3   1.02  140.9 -120.9  MAG+AMP

scored 23; median KGEln -0.24; KGEln>0.3: 7; legacy OVERLAP: 8
