site cls  n   KGE  KGEln  beta alpha    r    NSE   RMSE  nRMSE    MAE   bias  legacy
BR-Npw    7  29   0.28   0.07   0.56  0.52  0.68   0.22   75.0   0.83   56.7  -39.8  OVERLAP
CA-SCB    3  21   0.01  -0.63   0.32  0.32  0.75  -1.02   55.1   0.82   45.8  -45.8  MAG+AMP
DE-Hte    6  84  -0.33  -2.53   0.09  0.07  0.69  -1.12  242.8   1.19  185.3 -183.9  MAG+AMP
DE-SfN    3  28  -1.64  -0.44   3.50  1.65  0.49  -8.12   36.2   2.85   31.7   31.7  MAG+AMP
DE-Zrk    4  63  -0.14  -1.28   0.37  0.13  0.60  -0.19  136.1   1.19   93.7  -72.4  MAG+AMP+PHASE
FI-Lom    4  60  -0.12  -1.14   0.22  0.23  0.79  -0.34   63.7   1.13   44.2  -44.2  MAG+AMP
FI-Si2    3  28   0.13  -0.37   0.46  0.32  0.90  -0.40   46.6   0.68   37.1  -36.9  MAG+AMP
FI-Sii    4  61  -0.08  -0.82   0.29  0.28  0.63  -0.35   52.0   1.05   35.7  -35.3  MAG+AMP
FR-LGt    4  20  -1.83  -0.80   3.35  2.15 -0.08  -8.67   19.4   3.81   14.7   12.0  MAG+PHASE
JP-BBY    3  39   0.17  -0.02   0.53  0.55  0.48  -0.21   52.2   0.78   37.1  -31.4  AMP
MY-MLM    7  19 -24.99  -3.22  13.82 23.59  0.04 -2754.50  576.2  14.35  514.9  514.9  MAG+AMP+PHASE
NZ-Kop    3  48  -0.36  -0.11   1.98  1.59  0.26  -7.13   73.8   1.20   60.9   60.4  OVERLAP
SE-Deg    4  50  -0.05  -0.79   0.27  0.30  0.70  -0.35   40.0   1.02   29.1  -28.6  MAG+AMP
US-Los    4  59   0.46   0.55   1.49  0.97  0.79   0.37   20.0   0.84   15.4   11.8  OVERLAP
US-Myb    5  99   0.18  -0.08   0.57  0.44  0.58  -0.00  134.1   0.77  101.2  -75.5  AMP
US-Sne    5  24   0.40   0.24   0.66  0.55  0.80   0.34   89.0   0.57   68.1  -53.7  OVERLAP
US-Srr    6  34  -3.39  -1.11   3.87  4.24  0.26 -37.30   15.1   3.83   11.5   11.3  MAG+AMP+PHASE
US-StJ    6   9   0.56   0.63   1.41  0.97  0.85   0.17   23.6   0.50   19.2   19.2  OVERLAP
US-Tw1    5  91   0.51   0.49   0.80  0.77  0.62   0.27   93.8   0.55   63.4  -33.5  PHASE
US-Tw4    5  61   0.78   0.78   1.02  0.97  0.79   0.59   50.2   0.43   36.9    2.8  OVERLAP
US-Tw5    5   9   0.14  -0.28   0.42  0.40  0.79  -0.97  214.5   0.68  183.7 -183.7  MAG+AMP
US-Uaf    1  46  -5.06  -1.45   6.22  3.96  0.12 -53.37   24.8   6.19   21.0   20.9  MAG+AMP+PHASE
US-WPT    5  34  -0.42  -4.59   0.02  0.02  0.67  -1.07  263.0   1.35  191.1 -191.1  MAG+AMP+PHASE

scored 23; median KGEln -0.44; KGEln>0.3: 4; legacy OVERLAP: 6
