site cls  n   KGE  KGEln  beta alpha    r    NSE   RMSE  nRMSE    MAE   bias  legacy
BR-Npw    7  29  -2.81  -0.88   3.67  3.70  0.63 -17.06  360.9   3.98  244.8  241.5  MAG+AMP
CA-SCB    3  21   0.65   0.63   0.80  0.82  0.78   0.48   28.0   0.42   20.8  -13.8  OVERLAP
DE-Hte    6  84  -0.20  -1.57   0.22  0.13  0.73  -0.74  220.0   1.08  162.8 -159.1  MAG+AMP
DE-SfN    3  28 -11.26  -2.08  12.40  5.48  0.50 -169.95  156.7  12.36  144.5  144.5  MAG+AMP
DE-Zrk    4  63  -0.80  -0.05   2.79  1.05  0.76  -2.20  222.8   1.94  204.5  204.5  MAG
FI-Lom    4  60   0.56   0.49   0.80  0.66  0.80   0.57   36.0   0.64   24.0  -11.4  OVERLAP
FI-Si2    3  28   0.51   0.58   1.45  0.94  0.82   0.04   38.6   0.56   33.0   30.8  OVERLAP
FI-Sii    4  61   0.44   0.52   1.50  0.93  0.76   0.23   39.2   0.79   30.4   24.8  OVERLAP
FR-LGt    4  20  -9.00  -1.82  10.70  3.25  0.02 -73.18   53.7  10.55   49.4   49.4  MAG+PHASE
JP-BBY    3  39   0.59   0.60   1.23  0.87  0.69   0.34   38.6   0.58   31.9   15.7  OVERLAP
MY-MLM    7  19 -38.12  -3.80  23.05 33.31  0.06 -7612.83  957.9  23.85  885.6  885.6  MAG+AMP+PHASE
NZ-Kop    3  48  -5.15  -1.43   6.59  3.37  0.06 -186.78  354.8   5.78  343.3  343.3  MAG+AMP+PHASE
SE-Deg    4  50   0.67   0.70   1.28  1.01  0.83   0.55   23.0   0.59   18.9   11.0  OVERLAP
US-Los    4  59  -8.21  -1.77   9.21  5.16  0.82 -79.19  224.7   9.41  196.0  196.0  MAG+AMP
US-Myb    5  99  -0.83  -0.14   2.68  1.67  0.77  -5.03  328.7   1.88  293.7  293.7  MAG
US-Sne    5  24  -0.74  -0.05   2.70  1.39  0.94  -5.27  273.9   1.74  267.0  267.0  MAG+PHASE
US-Srr    6  34 -66.72  -4.53  47.11 50.60  0.41 -8063.49  218.4  55.60  181.1  181.1  MAG+AMP
US-StJ    6   9  -7.02  -1.69   6.67  6.67  0.84 -138.98  306.2   6.53  266.2  266.2  MAG+AMP
US-Tw1    5  91  -0.05   0.19   1.87  1.49  0.67  -2.05  192.1   1.12  161.4  148.9  OVERLAP
US-Tw4    5  61  -0.89  -0.23   2.43  2.21  0.70  -6.44  212.9   1.80  169.5  168.4  MAG+AMP
US-Tw5    5   9   0.76   0.78   1.21  1.02  0.90   0.59   97.7   0.31   84.6   67.7  OVERLAP
US-Uaf    1  46 -30.11  -3.41  28.60 15.32  0.14 -1311.39  121.8  30.41  110.6  110.6  MAG+AMP+PHASE
US-WPT    5  34  -0.05  -1.00   0.38  0.18  0.80  -0.19  199.3   1.02  140.9 -120.9  MAG+AMP

scored 23; median KGEln -0.23; KGEln>0.3: 7; legacy OVERLAP: 8
