site cls  n   KGE  KGEln  beta alpha    r    NSE   RMSE  nRMSE    MAE   bias  legacy
BR-Npw    7  29  -6.78  -1.67   6.14  6.83  0.63 -68.05  705.7   7.79  465.4  465.4  MAG+AMP
CA-SCB    3  21   0.77   0.77   0.95  0.98  0.78   0.56   25.7   0.38   19.9   -3.1  OVERLAP
DE-Hte    6  84  -0.20  -1.52   0.22  0.14  0.73  -0.72  218.9   1.08  162.3 -158.4  MAG+AMP
DE-SfN    3  28  -2.89  -0.80   4.66  2.22  0.51 -17.66   51.8   4.08   46.5   46.5  MAG+AMP+PHASE
DE-Zrk    4  63  -0.08  -1.07   0.45  0.15  0.62  -0.09  129.8   1.13   92.1  -62.6  MAG+AMP
FI-Lom    4  60   0.23  -0.07   0.47  0.48  0.80   0.24   47.8   0.85   30.8  -29.9  MAG+AMP
FI-Si2    3  28   0.57   0.49   0.98  0.63  0.78   0.59   25.3   0.37   20.3   -1.1  OVERLAP
FI-Sii    4  61   0.22  -0.04   0.55  0.46  0.68   0.16   41.0   0.82   27.2  -22.6  AMP
FR-LGt    4  20  -5.66  -1.55   7.20  3.16 -0.13 -36.47   38.2   7.50   31.9   31.6  MAG+PHASE
JP-BBY    3  39   0.32   0.24   0.74  0.60  0.52   0.12   44.4   0.66   30.6  -17.7  OVERLAP
MY-MLM    7  19 -40.28  -3.79  20.10 37.59  0.09 -6287.83  870.5  21.67  767.0  767.0  MAG+AMP+PHASE
NZ-Kop    3  48  -4.35  -1.29   5.75  3.30  0.12 -136.71  303.8   4.95  291.4  291.4  MAG+AMP+PHASE
SE-Deg    4  50   0.22  -0.09   0.46  0.48  0.79   0.15   31.8   0.81   22.3  -21.1  MAG+AMP
US-Los    4  59  -0.19   0.15   2.10  1.41  0.77  -0.90   34.6   1.45   26.9   26.2  MAG
US-Myb    5  99  -0.13   0.18   2.04  1.39  0.77  -1.61  216.3   1.24  182.5  180.8  MAG
US-Sne    5  24   0.01   0.28   1.93  1.34  0.93  -1.08  157.5   1.00  145.5  145.5  PHASE
US-Srr    6  34 -98.26  -5.04  78.00 63.64  0.51 -19448.55  339.2  86.35  302.5  302.5  MAG+AMP
US-StJ    6   9  -4.88  -1.32   5.09  5.23  0.85 -73.30  223.1   4.76  191.7  191.7  MAG+AMP
US-Tw1    5  91   0.12   0.29   1.69  1.43  0.67  -1.28  165.9   0.97  137.3  117.7  OVERLAP
US-Tw4    5  61  -0.51  -0.05   2.07  2.03  0.71  -3.82  171.4   1.45  129.3  126.2  MAG+AMP
US-Tw5    5   9   0.86   0.86   1.08  0.94  0.90   0.77   72.6   0.23   63.7   24.6  OVERLAP
US-Uaf    1  46 -66.90  -4.53  54.54 42.77  0.29 -5871.66  257.7  64.33  214.5  214.5  MAG+AMP+PHASE
US-WPT    5  34  -0.43  -4.45   0.02  0.02  0.63  -1.06  262.6   1.35  190.5 -190.5  MAG+AMP

scored 23; median KGEln -0.09; KGEln>0.3: 3; legacy OVERLAP: 5
