site cls  n   KGE  KGEln  beta alpha    r    NSE   RMSE  nRMSE    MAE   bias  legacy
BR-Npw    7  29  -2.82  -0.88   3.66  3.72  0.65 -17.05  360.9   3.98  242.8  241.1  MAG+AMP
CA-SCB    3  21   0.57   0.54   0.81  0.74  0.72   0.40   29.9   0.44   22.8  -12.9  OVERLAP
DE-Hte    6  84  -0.22  -1.67   0.21  0.11  0.72  -0.77  221.7   1.09  164.3 -159.9  MAG+AMP
DE-SfN    3  28 -10.43  -1.95  11.78  4.76  0.57 -147.40  146.0  11.52  136.7  136.7  MAG+AMP
DE-Zrk    4  63  -0.60   0.02   2.57  0.92  0.74  -1.58  199.9   1.75  180.4  180.2  MAG
FI-Lom    4  60   0.42   0.41   0.85  0.79  0.48   0.12   51.7   0.91   31.8   -8.3  PHASE
FI-Si2    3  28   0.60   0.52   1.11  0.65  0.83   0.62   24.2   0.35   20.6    7.4  OVERLAP
FI-Sii    4  61   0.46   0.51   1.41  0.86  0.69   0.23   39.3   0.79   32.2   20.6  OVERLAP
FR-LGt    4  20  -9.15  -1.86  10.84  3.22 -0.06 -75.37   54.5  10.70   50.2   50.2  MAG+PHASE
JP-BBY    3  39   0.57   0.58   1.26  0.86  0.69   0.32   39.2   0.59   32.2   17.2  OVERLAP
MY-MLM    7  19 -42.50  -3.93  25.54 36.91  0.10 -9416.09 1065.3  26.52  985.6  985.6  MAG+AMP+PHASE
NZ-Kop    3  48  -5.54  -1.50   6.93  3.59  0.07 -210.20  376.3   6.13  364.2  364.2  MAG+AMP+PHASE
SE-Deg    4  50   0.60   0.61   1.25  1.04  0.68   0.26   29.5   0.75   21.7    9.7  OVERLAP
US-Los    4  59  -6.98  -1.57   8.29  4.24  0.77 -59.55  195.3   8.18  174.1  174.1  MAG+AMP
US-Myb    5  99  -0.86  -0.15   2.71  1.69  0.76  -5.27  335.2   1.92  299.0  299.0  MAG
US-Sne    5  24  -0.79  -0.07   2.73  1.43  0.95  -5.53  279.5   1.78  272.1  272.1  MAG+PHASE
US-Srr    6  34 -67.05  -4.54  47.72 50.47  0.41 -8199.82  220.3  56.07  183.5  183.5  MAG+AMP
US-StJ    6   9  -6.77  -1.65   6.51  6.48  0.85 -130.66  297.0   6.33  258.5  258.5  MAG+AMP
US-Tw1    5  91  -0.07   0.18   1.88  1.50  0.67  -2.12  194.3   1.13  163.3  151.1  OVERLAP
US-Tw4    5  61  -0.93  -0.24   2.45  2.23  0.70  -6.69  216.4   1.83  172.7  171.8  MAG+AMP
US-Tw5    5   9   0.76   0.78   1.22  1.03  0.90   0.59   98.1   0.31   85.1   69.0  OVERLAP
US-Uaf    1  46 -42.57  -3.96  38.81 22.62 -0.22 -2550.78  169.9  42.40  151.5  151.5  MAG+AMP+PHASE
US-WPT    5  34  -0.05  -1.01   0.38  0.17  0.84  -0.18  198.7   1.02  139.0 -121.4  MAG+AMP

scored 23; median KGEln -0.24; KGEln>0.3: 7; legacy OVERLAP: 7
