site cls  n   KGE  KGEln  beta alpha    r    NSE   RMSE  nRMSE    MAE   bias  legacy
BR-Npw    7  29  -0.16  -1.03   0.25  0.24  0.55  -0.43  101.5   1.12   75.7  -67.6  MAG+AMP
CA-SCB    3  21  -0.13  -1.10   0.22  0.24  0.71  -1.58   62.2   0.92   52.9  -52.9  MAG+AMP
DE-Hte    6  84  -0.37  -3.05   0.06  0.06  0.70  -1.24  249.7   1.23  192.2 -191.6  MAG+AMP
DE-SfN    3  28  -0.73  -0.14   2.61  1.42  0.50  -3.49   25.4   2.00   20.4   20.4  MAG+AMP+PHASE
DE-Zrk    4  63  -0.16  -1.39   0.28  0.13  0.71  -0.26  139.9   1.22   93.6  -82.0  MAG+AMP
FI-Lom    4  60  -0.19  -1.50   0.17  0.18  0.76  -0.49   67.3   1.19   47.1  -47.1  MAG+AMP
FI-Si2    3  28   0.00  -0.72   0.34  0.26  0.91  -0.92   54.4   0.80   45.2  -45.2  MAG+AMP
FI-Sii    4  61  -0.16  -1.24   0.20  0.22  0.68  -0.54   55.6   1.12   39.7  -39.7  MAG+AMP
FR-LGt    4  20  -1.03  -0.50   2.58  1.76 -0.02  -4.81   15.0   2.95   11.2    8.0  PHASE
JP-BBY    3  39   0.06  -0.26   0.42  0.47  0.48  -0.44   56.9   0.85   41.5  -38.8  MAG+AMP
MY-MLM    7  19 -16.06  -2.72   9.84 15.55 -0.05 -1288.62  394.2   9.81  354.9  354.9  MAG+AMP+PHASE
NZ-Kop    3  48   0.35   0.36   1.01  1.25  0.40  -0.56   32.3   0.53   25.1    0.3  OVERLAP
SE-Deg    4  50  -0.14  -1.13   0.21  0.25  0.67  -0.55   42.7   1.09   31.6  -31.2  MAG+AMP
US-Los    4  59   0.68   0.66   1.05  0.76  0.80   0.63   15.2   0.64   10.5    1.1  OVERLAP
US-Myb    5  99  -0.36  -1.61   0.17  0.16  0.32  -1.09  193.6   1.11  145.9 -144.7  MAG+AMP
US-Sne    5  24   0.02  -0.57   0.31  0.37  0.70  -0.60  138.2   0.88  109.5 -108.2  MAG+AMP
US-Srr    6  34  -0.26  -0.30   0.57  1.33 -0.13  -2.62    4.6   1.18    3.3   -1.7  PHASE
US-StJ    6   9   0.68   0.64   1.04  0.73  0.83   0.68   14.6   0.31   12.7    1.8  OVERLAP
US-Tw1    5  91   0.06  -0.28   0.40  0.48  0.49  -0.63  140.4   0.82  106.7 -102.3  MAG+PHASE
US-Tw4    5  61   0.32   0.17   0.56  0.62  0.66  -0.01   78.4   0.66   57.9  -52.0  OVERLAP
US-Tw5    5   9  -0.17  -1.11   0.21  0.26  0.55  -2.45  283.8   0.90  249.6 -249.6  MAG+AMP
US-Uaf    1  46  -2.63  -0.94   4.09  2.68  0.11 -20.14   15.5   3.86   12.6   12.4  MAG+AMP+PHASE
US-WPT    5  34  -0.53  -6.50   0.00  0.01  0.40  -1.12  266.5   1.37  194.2 -194.2  MAG+AMP+PHASE

scored 23; median KGEln -0.94; KGEln>0.3: 3; legacy OVERLAP: 4
