site cls  n   KGE  KGEln  beta alpha    r    NSE   RMSE  nRMSE    MAE   bias  legacy
BR-Npw    7  29  -1.84  -0.55   3.39  2.53  0.77  -9.00  268.5   2.96  216.4  216.4  MAG+AMP
CA-SCB    3  21   0.35   0.29   0.75  0.66  0.51   0.04   37.9   0.56   31.8  -17.2  PHASE
DE-Hte    6  84  -0.25  -1.33   0.30  0.15  0.40  -0.63  212.7   1.05  156.4 -142.0  MAG+AMP
DE-SfN    3  28 -16.42  -2.55  16.86  8.20  0.55 -339.42  221.1  17.44  201.0  201.0  MAG+AMP+PHASE
DE-Zrk    4  63  -1.77  -0.40   3.70  1.58  0.81  -6.10  331.7   2.90  309.1  309.1  MAG
FI-Lom    4  60   0.25   0.25   0.94  1.17  0.27  -0.74   72.6   1.28   42.1   -3.3  PHASE
FI-Si2    3  28   0.43   0.42   1.30  0.73  0.60   0.06   38.2   0.56   32.9   20.8  OVERLAP
FI-Sii    4  61   0.11   0.24   1.68  1.23  0.48  -0.91   61.8   1.24   45.1   33.9  PHASE
FR-LGt    4  20 -33.97  -3.28  34.65 10.52  0.51 -854.89  182.6  35.82  171.5  171.5  MAG+AMP+PHASE
JP-BBY    3  39  -0.96  -0.23   2.59  2.13  0.82  -6.13  126.5   1.89  106.7  106.7  MAG+AMP
MY-MLM    7  19 -33.45  -3.66  24.42 26.26  0.10 -8024.56  983.4  24.48  940.5  940.5  MAG+AMP+PHASE
NZ-Kop    3  48  -5.28  -1.47   6.54  3.82  0.12 -186.43  354.5   5.78  340.3  340.3  MAG+AMP+PHASE
SE-Deg    4  50   0.38   0.42   1.24  1.37  0.56  -0.41   40.8   1.04   24.6    9.6  PHASE
US-Los    4  59 -10.61  -2.06  11.27  6.43  0.84 -125.88  282.7  11.84  245.1  245.1  MAG+AMP
US-Myb    5  99   0.26   0.41   1.69  0.96  0.74  -0.31  153.5   0.88  127.6  121.1  OVERLAP
US-Sne    5  24  -0.04   0.28   2.02  1.12  0.90  -1.41  169.8   1.08  160.9  160.9  MAG
US-Srr    6  34 -38.63  -3.57  38.09 14.95  0.47 -3798.27  149.9  38.17  145.7  145.7  MAG+AMP+PHASE
US-StJ    6   9  -2.36  -0.72   3.59  3.13  0.84 -26.57  135.9   2.90  121.4  121.4  MAG+AMP
US-Tw1    5  91   0.57   0.53   1.11  0.69  0.73   0.51   77.3   0.45   63.0   19.6  PHASE
US-Tw4    5  61   0.32   0.42   1.58  0.99  0.65  -0.47   94.5   0.80   77.6   68.4  OVERLAP
US-Tw5    5   9   0.33   0.05   0.65  0.43  0.92   0.09  145.2   0.46  130.4 -109.6  AMP
US-Uaf    1  46 -40.02  -3.92  35.21 23.60 -0.22 -2228.41  158.8  39.63  137.2  137.1  MAG+AMP+PHASE
US-WPT    5  34   0.15  -0.44   0.60  0.26  0.84   0.19  164.5   0.84  120.3  -78.0  AMP

scored 23; median KGEln -0.40; KGEln>0.3: 5; legacy OVERLAP: 3
