site cls  n   KGE  KGEln  beta alpha    r    NSE   RMSE  nRMSE    MAE   bias  legacy
BR-Npw    7  29  -4.76  -1.33   4.84  5.27  0.59 -38.36  532.8   5.88  350.6  347.5  MAG+AMP
CA-SCB    3  21   0.32   0.11   0.51  0.59  0.76  -0.19   42.2   0.63   33.8  -33.2  MAG
DE-Hte    6  84  -0.28  -2.26   0.11  0.09  0.83  -1.03  237.8   1.17  181.8 -180.9  MAG+AMP
DE-SfN    3  28  -1.30  -0.36   3.14  1.66  0.48  -6.29   32.4   2.55   27.1   27.1  MAG+AMP+PHASE
DE-Zrk    4  63  -0.08  -1.10   0.33  0.17  0.81  -0.13  132.6   1.16   89.0  -76.5  MAG+AMP
FI-Lom    4  60  -0.08  -1.00   0.23  0.26  0.82  -0.27   61.9   1.10   43.4  -43.4  MAG+AMP
FI-Si2    3  28   0.37   0.18   0.68  0.50  0.79   0.23   34.5   0.50   24.1  -22.0  OVERLAP
FI-Sii    4  61   0.12  -0.29   0.44  0.38  0.71   0.02   44.4   0.89   29.5  -27.7  MAG+AMP
FR-LGt    4  20  -2.54  -0.94   4.14  2.26 -0.05 -11.87   22.4   4.39   17.3   16.0  MAG+PHASE
JP-BBY    3  39   0.06  -0.31   0.41  0.44  0.53  -0.43   56.6   0.85   40.7  -39.7  MAG+AMP
MY-MLM    7  19 -32.32  -3.51  16.17 30.66  0.05 -4017.76  695.9  17.33  609.3  609.3  MAG+AMP+PHASE
NZ-Kop    3  48  -0.36  -0.22   1.88  0.84 -0.03  -5.08   63.8   1.04   53.8   53.8  PHASE
SE-Deg    4  50   0.17  -0.23   0.39  0.47  0.80   0.04   33.7   0.86   24.4  -24.1  MAG+AMP
US-Los    4  59   0.50   0.57   1.44  1.10  0.78   0.34   20.3   0.85   15.0   10.4  OVERLAP
US-Myb    5  99   0.40   0.49   1.52  1.08  0.72  -0.08  139.1   0.80  108.5   91.4  OVERLAP
US-Sne    5  24   0.53   0.61   1.45  1.06  0.91   0.38   86.4   0.55   79.9   71.1  OVERLAP
US-Srr    6  34 -66.37  -4.52  47.44 49.81  0.43 -8064.35  218.4  55.61  182.5  182.5  MAG+AMP
US-StJ    6   9  -4.37  -1.22   4.87  4.72  0.91 -62.90  206.9   4.41  181.6  181.6  MAG+AMP
US-Tw1    5  91   0.40   0.45   1.39  1.30  0.64  -0.37  128.8   0.75  100.8   66.2  PHASE
US-Tw4    5  61   0.13   0.31   1.53  1.66  0.81  -0.73  102.5   0.87   73.4   63.2  OVERLAP
US-Tw5    5   9   0.83   0.82   0.98  0.86  0.91   0.83   63.3   0.20   57.3   -6.5  OVERLAP
US-Uaf    1  46 -41.11  -3.89  33.09 28.26  0.31 -2242.66  159.3  39.76  128.6  128.6  MAG+AMP+PHASE
US-WPT    5  34  -0.47  -4.07   0.03  0.03  0.47  -1.05  261.8   1.34  189.5 -189.5  MAG+AMP+PHASE

scored 23; median KGEln -0.31; KGEln>0.3: 6; legacy OVERLAP: 6
