site cls  n   KGE  KGEln  beta alpha    r    NSE   RMSE  nRMSE    MAE   bias  legacy
BR-Npw    7  29   0.58   0.59   1.20  1.12  0.65   0.16   77.8   0.86   54.9   18.4  OVERLAP
CA-SCB    3  21   0.55   0.50   0.78  0.70  0.75   0.42   29.6   0.44   22.7  -14.8  OVERLAP
DE-Hte    6  84  -0.21  -1.64   0.21  0.12  0.71  -0.76  221.3   1.09  164.2 -159.5  MAG+AMP
DE-SfN    3  28 -14.34  -2.34  15.29  6.54  0.55 -264.21  195.2  15.40  181.2  181.2  MAG+AMP
DE-Zrk    4  63  -1.49  -0.29   3.47  1.26  0.74  -4.87  301.6   2.63  282.4  282.4  MAG
FI-Lom    4  60   0.39   0.40   1.12  1.09  0.41  -0.30   62.8   1.11   36.4    6.6  PHASE
FI-Si2    3  28   0.56   0.57   1.34  0.78  0.80   0.30   32.9   0.48   28.5   22.9  OVERLAP
FI-Sii    4  61   0.02   0.25   1.91  1.18  0.67  -0.84   60.7   1.22   48.1   45.1  OVERLAP
FR-LGt    4  20 -11.24  -2.00  12.98  3.32  0.02 -106.65   64.7  12.71   61.0   61.0  MAG+PHASE
JP-BBY    3  39   0.41   0.50   1.53  1.03  0.74  -0.11   49.8   0.74   39.3   35.5  OVERLAP
MY-MLM    7  19 -39.24  -3.86  26.58 32.05  0.06 -9783.89 1085.9  27.03 1027.5 1027.5  MAG+AMP+PHASE
NZ-Kop    3  48  -4.44  -1.30   5.96  3.04  0.06 -146.92  314.9   5.13  304.2  304.2  MAG+AMP+PHASE
SE-Deg    4  50  -0.03   0.17   1.74  1.61  0.62  -1.33   52.4   1.34   33.1   29.0  OVERLAP
US-Los    4  59 -10.30  -2.00  11.22  5.82  0.78 -119.27  275.2  11.53  244.0  244.0  MAG+AMP
US-Myb    5  99  -0.49   0.02   2.40  1.45  0.74  -3.27  276.6   1.58  245.6  243.8  MAG
US-Sne    5  24  -0.66   0.01   2.64  1.24  0.94  -4.74  262.1   1.67  257.6  257.6  MAG+PHASE
US-Srr    6  34 -23.18  -3.15  17.64 18.53  0.32 -1054.20   79.0  20.11   65.4   65.4  MAG+AMP+PHASE
US-StJ    6   9  -6.42  -1.59   6.42  6.06  0.85 -123.04  288.2   6.14  254.4  254.4  MAG+AMP
US-Tw1    5  91   0.14   0.29   1.68  1.40  0.65  -1.27  165.5   0.97  139.7  116.5  OVERLAP
US-Tw4    5  61  -0.71  -0.15   2.22  2.16  0.70  -5.09  192.6   1.63  146.9  144.4  MAG+AMP
US-Tw5    5   9   0.83   0.83   1.06  0.89  0.89   0.78   71.2   0.22   61.1   18.5  OVERLAP
US-Uaf    1  46 -61.57  -4.45  53.13 35.60 -0.08 -5129.25  240.9  60.12  208.9  208.9  MAG+AMP+PHASE
US-WPT    5  34   0.09  -0.56   0.53  0.25  0.80   0.08  175.7   0.90  128.2  -91.9  AMP

scored 23; median KGEln -0.15; KGEln>0.3: 6; legacy OVERLAP: 8
