site cls  n   KGE  KGEln  beta alpha    r    NSE   RMSE  nRMSE    MAE   bias  legacy
BR-Npw    7  29  -7.14  -1.74   6.30  7.17  0.54 -75.64  743.5   8.21  493.9  480.1  MAG+AMP+PHASE
CA-SCB    3  21  -0.00  -0.49   0.32  0.43  0.53  -1.12   56.4   0.84   45.8  -45.8  MAG+AMP+PHASE
DE-Hte    6  84  -0.26  -1.58   0.19  0.14  0.56  -0.82  225.2   1.11  163.6 -163.6  MAG+AMP
DE-SfN    3  28  -1.79  -0.56   3.57  1.89  0.36  -9.59   39.0   3.08   32.6   32.6  MAG+AMP+PHASE
DE-Zrk    4  63   0.17  -0.31   0.64  0.30  0.76   0.25  107.6   0.94   77.3  -41.8  AMP
FI-Lom    4  60   0.36   0.14   0.51  0.59  0.93   0.50   39.1   0.69   28.2  -27.6  OVERLAP
FI-Si2    3  28   0.12  -0.32   0.49  0.34  0.71  -0.43   47.0   0.69   35.6  -35.2  AMP
FI-Sii    4  61   0.24   0.01   0.50  0.55  0.65   0.10   42.6   0.86   26.8  -25.1  MAG+AMP
FR-LGt    4  20  -0.00  -0.13   0.87  0.48  0.16  -0.09    6.5   1.28    4.3   -0.7  AMP+PHASE
JP-BBY    3  39   0.18  -0.13   0.57  0.40  0.65  -0.01   47.5   0.71   32.4  -28.6  AMP
MY-MLM    7  19 -45.49  -3.86  21.38 42.79  0.62 -7336.87  940.3  23.41  818.4  818.4  MAG+AMP+PHASE
NZ-Kop    3  48  -1.24  -0.38   2.37  2.74  0.63 -14.58  102.2   1.67   84.0   84.0  MAG+AMP+PHASE
SE-Deg    4  50   0.06  -0.44   0.36  0.38  0.71  -0.14   36.7   0.94   25.6  -25.2  MAG+AMP
US-Los    4  59   0.66   0.67   1.20  0.95  0.74   0.46   18.4   0.77   13.6    4.8  OVERLAP
US-Myb    5  99   0.23   0.31   1.53  1.31  0.53  -0.79  179.3   1.03  111.2   92.0  OVERLAP
US-Sne    5  24   0.74   0.73   1.10  0.85  0.80   0.62   67.0   0.43   47.0   15.5  OVERLAP
US-Srr    6  34 -36.77  -3.75  31.19 23.69  0.16 -2930.91  131.7  33.53  118.6  118.6  MAG+AMP+PHASE
US-StJ    6   9   0.41   0.50   1.32  1.46  0.83  -0.05   26.5   0.57   21.4   15.2  OVERLAP
US-Tw1    5  91   0.41   0.41   1.05  1.10  0.42  -0.28  124.4   0.73   85.6    8.3  OVERLAP
US-Tw4    5  61   0.11   0.13   1.21  1.35  0.21  -1.36  119.8   1.01   77.3   25.2  OVERLAP
US-Tw5    5   9   0.21  -0.14   0.50  0.41  0.82  -0.59  192.3   0.61  168.7 -159.6  MAG+AMP
US-Uaf    1  46 -11.78  -2.28  11.26  8.60  0.49 -215.06   49.4  12.34   41.1   41.1  MAG+AMP+PHASE
US-WPT    5  34  -0.32  -2.63   0.08  0.07  0.78  -0.85  248.8   1.28  179.1 -179.1  MAG+AMP

scored 23; median KGEln -0.31; KGEln>0.3: 5; legacy OVERLAP: 7
