site cls  n   KGE  KGEln  beta alpha    r    NSE   RMSE  nRMSE    MAE   bias  legacy
BR-Npw    7  29   0.11  -0.46   0.48  0.29  0.86   0.10   80.4   0.89   61.3  -47.2  AMP
CA-SCB    3  21   0.30   0.28   0.72  0.92  0.37  -0.42   46.1   0.68   40.0  -19.2  PHASE
DE-Hte    6  84  -0.32  -2.72   0.10  0.05  0.83  -1.12  242.8   1.20  184.0 -183.3  MAG+AMP
DE-SfN    3  28 -67.50  -4.45  60.59 34.77  0.44 -5151.85  860.3  67.86  755.4  755.4  MAG+AMP+PHASE
DE-Zrk    4  63 -12.19  -2.16  13.12  6.21  0.79 -153.10 1545.4  13.49 1388.4 1388.4  MAG+AMP
FI-Lom    4  60  -2.49  -0.60   4.39  1.83  0.91 -12.18  199.8   3.53  192.0  192.0  MAG
FI-Si2    3  28  -1.93  -0.57   3.43  2.64  0.89 -20.20  181.1   2.65  166.5  166.5  MAG+AMP
FI-Sii    4  61 -10.71  -2.12  10.65  7.63  0.81 -160.90  569.7  11.45  480.5  480.2  MAG+AMP
FR-LGt    4  20 -30.06  -3.12  30.80  9.76  0.80 -672.04  161.9  31.77  151.9  151.9  MAG+AMP
JP-BBY    3  39  -4.04  -1.16   4.54  4.57  0.75 -39.10  300.0   4.48  237.2  237.2  MAG+AMP
MY-MLM    7  19 -29.27  -3.40  29.67 10.59 -0.50 -11129.57 1158.1  28.83 1151.7 1151.7  MAG+AMP+PHASE
NZ-Kop    3  48  -3.99  -1.14   5.10  3.83  0.64 -104.28  265.7   4.33  251.7  251.7  MAG+AMP
SE-Deg    4  50  -6.73  -1.64   6.17  6.74  0.81 -69.44  288.3   7.35  204.9  202.8  MAG+AMP+PHASE
US-Los    4  59 -52.79  -4.09  47.83 27.47  0.87 -2690.30 1301.8  54.54 1117.6 1117.6  MAG+AMP
US-Myb    5  99   0.15   0.18   1.62  0.61  0.57  -0.34  155.0   0.89  127.6  109.0  OVERLAP
US-Sne    5  24  -0.69  -0.03   2.65  1.24  0.74  -5.34  275.3   1.75  259.6  259.6  MAG
US-Srr    6  34  -8.22  -1.84   8.65  6.14  0.63 -182.51   33.0   8.39   30.0   30.0  MAG+AMP
US-StJ    6   9  -6.81  -1.60   7.82  4.79  0.72 -168.75  337.2   7.19  319.8  319.8  MAG+AMP
US-Tw1    5  91   0.24   0.03   0.72  0.45  0.55   0.10  104.1   0.61   74.3  -47.8  AMP+PHASE
US-Tw4    5  61   0.41   0.35   1.25  0.62  0.63   0.25   67.6   0.57   57.6   29.5  OVERLAP
US-Tw5    5   9   0.04  -0.68   0.43  0.23  0.96  -1.00  216.1   0.68  187.1 -180.5  MAG+AMP
US-Uaf    1  46 -71.38  -4.61  62.33 39.44  0.05 -6889.60  279.2  69.68  245.7  245.7  MAG+AMP+PHASE
US-WPT    5  34  -4.55  -1.25   5.33  4.47  0.91 -33.15 1069.3   5.48  844.9  844.9  MAG+AMP

scored 23; median KGEln -1.25; KGEln>0.3: 1; legacy OVERLAP: 2
