site cls  n   KGE  KGEln  beta alpha    r    NSE   RMSE  nRMSE    MAE   bias  legacy
BR-Npw    7  29  -3.07  -0.87   4.61  2.87  0.78 -18.59  375.9   4.15  327.0  327.0  MAG+AMP
CA-SCB    3  21   0.44   0.43   0.86  0.80  0.49   0.10   36.8   0.55   30.6   -9.2  PHASE
DE-Hte    6  84  -0.14  -1.04   0.37  0.18  0.51  -0.44  200.1   0.98  146.8 -128.1  MAG+AMP
DE-SfN    3  28 -16.71  -2.56  17.17  8.20  0.57 -350.44  224.7  17.72  205.0  205.0  MAG+AMP
DE-Zrk    4  63  -1.64  -0.36   3.58  1.50  0.79  -5.53  318.2   2.78  295.8  295.8  MAG
FI-Lom    4  60   0.23   0.24   1.00  1.24  0.27  -0.87   75.4   1.33   42.8    0.0  PHASE
FI-Si2    3  28   0.20   0.38   1.75  0.91  0.75  -1.17   58.0   0.85   51.4   51.4  OVERLAP
FI-Sii    4  61  -0.07   0.24   2.04  1.15  0.78  -0.86   61.0   1.23   52.1   51.7  MAG
FR-LGt    4  20 -37.13  -3.42  37.53 11.92  0.51 -1020.02  199.4  39.13  186.2  186.2  MAG+AMP
JP-BBY    3  39  -1.06  -0.27   2.67  2.20  0.83  -6.77  132.1   1.97  111.8  111.8  MAG+AMP
MY-MLM    7  19 -34.61  -3.71  26.38 25.96  0.08 -9293.89 1058.3  26.35 1019.4 1019.4  MAG+AMP+PHASE
NZ-Kop    3  48  -5.98  -1.59   7.12  4.25  0.14 -227.49  391.4   6.38  375.8  375.8  MAG+AMP+PHASE
SE-Deg    4  50   0.15   0.33   1.73  1.39  0.81  -0.38   40.3   1.03   29.2   28.6  OVERLAP
US-Los    4  59 -10.97  -2.09  11.60  6.57  0.84 -133.73  291.3  12.20  253.0  253.0  MAG+AMP
US-Myb    5  99   0.08   0.32   1.88  1.08  0.75  -0.87  183.1   1.05  156.4  153.9  OVERLAP
US-Sne    5  24  -0.23   0.17   2.20  1.23  0.88  -2.35  200.2   1.27  189.2  189.2  MAG+PHASE
US-Srr    6  34 -44.72  -3.74  43.95 16.68  0.55 -5070.53  173.2  44.09  168.7  168.7  MAG+AMP
US-StJ    6   9  -2.62  -0.80   3.76  3.34  0.84 -30.62  145.5   3.10  129.7  129.7  MAG+AMP
US-Tw1    5  91   0.60   0.59   1.21  0.77  0.75   0.45   81.5   0.48   67.7   35.5  PHASE
US-Tw4    5  61   0.22   0.37   1.71  1.11  0.68  -0.86  106.6   0.90   88.3   83.5  OVERLAP
US-Tw5    5   9   0.42   0.23   0.73  0.50  0.89   0.33  125.4   0.40  113.1  -85.6  OVERLAP
US-Uaf    1  46 -44.01  -4.05  38.15 26.40 -0.23 -2667.09  173.7  43.36  148.9  148.8  MAG+AMP+PHASE
US-WPT    5  34   0.15  -0.44   0.60  0.26  0.84   0.19  164.5   0.84  120.3  -78.0  AMP

scored 23; median KGEln -0.36; KGEln>0.3: 6; legacy OVERLAP: 5
