site cls  n   KGE  KGEln  beta alpha    r    NSE   RMSE  nRMSE    MAE   bias  legacy
BR-Npw    7  29   0.03  -0.06   0.96  0.53  0.15  -0.13   90.3   1.00   73.9   -3.9  AMP+PHASE
CA-SCB    3  21   0.58   0.51   0.68  0.74  0.92   0.51   27.1   0.40   22.5  -21.4  OVERLAP
DE-Hte    6  84  -0.24  -1.71   0.21  0.11  0.66  -0.78  222.9   1.10  163.6 -159.8  MAG+AMP
DE-SfN    3  28 -30.68  -3.31  29.98 13.78  0.61 -1112.97  400.0  31.55  367.4  367.4  MAG+AMP+PHASE
DE-Zrk    4  63  -5.14  -1.22   6.84  2.87  0.67 -33.22  728.2   6.36  668.8  668.8  MAG+AMP
FI-Lom    4  60  -0.40  -0.06   1.83  1.99  0.47  -2.83  107.7   1.90   57.2   47.0  AMP+PHASE
FI-Si2    3  28  -0.12   0.20   2.05  1.27  0.73  -3.11   79.7   1.16   72.0   72.0  MAG+PHASE
FI-Sii    4  61  -1.58  -0.46   3.24  2.24  0.67  -8.23  136.1   2.73  112.4  111.5  MAG+AMP
FR-LGt    4  20 -23.18  -2.86  24.00  8.47  0.49 -416.15  127.4  25.01  117.2  117.2  MAG+AMP
JP-BBY    3  39  -0.96  -0.22   2.65  2.03  0.79  -6.34  128.4   1.92  110.6  110.6  MAG+AMP
MY-MLM    7  19 -33.66  -3.72  24.43 26.52 -0.14 -8063.30  985.8  24.54  941.3  941.3  MAG+AMP+PHASE
NZ-Kop    3  48  -4.42  -1.49   5.57  3.63 -0.25 -132.26  298.9   4.87  280.8  280.4  MAG+AMP+PHASE
SE-Deg    4  50  -2.73  -0.90   3.22  3.93  0.40 -18.76  152.7   3.89   91.2   87.2  MAG+AMP+PHASE
US-Los    4  59 -23.48  -3.10  20.58 15.69  0.68 -571.76  600.6  25.16  467.9  467.4  MAG+AMP
US-Myb    5  99  -0.73  -0.04   2.69  1.32  0.80  -4.45  312.7   1.79  294.5  294.5  MAG
US-Sne    5  24  -1.87  -0.43   3.79  1.67  0.90 -15.88  449.3   2.86  438.9  438.9  MAG+PHASE
US-Srr    6  34 -10.95  -2.19  10.88  7.70  0.44 -307.28   42.7  10.87   38.8   38.8  MAG+AMP
US-StJ    6   9  -2.66  -0.76   4.20  2.79  0.94 -36.10  157.6   3.36  149.9  149.9  MAG+AMP
US-Tw1    5  91   0.30   0.42   1.61  1.25  0.77  -0.56  137.3   0.80  114.1  104.8  OVERLAP
US-Tw4    5  61  -0.88  -0.24   2.55  1.94  0.52  -7.25  224.2   1.90  185.5  182.9  MAG+AMP
US-Tw5    5   9   0.19  -0.23   0.66  0.33  0.72  -0.15  163.4   0.52  143.8 -108.8  AMP
US-Uaf    1  46 -75.65  -4.76  59.69 50.30 -0.05 -7422.73  289.8  72.32  235.1  235.1  MAG+AMP+PHASE
US-WPT    5  34   0.47   0.50   1.37  0.81  0.67   0.29  154.6   0.79  133.9   71.2  OVERLAP

scored 23; median KGEln -0.46; KGEln>0.3: 3; legacy OVERLAP: 3
