site cls  n   KGE  KGEln  beta alpha    r    NSE   RMSE  nRMSE    MAE   bias  legacy
BR-Npw    7  29  -6.77  -1.67   6.14  6.82  0.63 -68.00  705.5   7.79  465.2  465.2  MAG+AMP
CA-SCB    3  21   0.76   0.76   0.95  0.97  0.77   0.54   26.4   0.39   20.1   -3.5  OVERLAP
DE-Hte    6  84  -0.20  -1.52   0.22  0.14  0.72  -0.73  219.1   1.08  162.5 -158.6  MAG+AMP
DE-SfN    3  28  -2.81  -0.78   4.59  2.18  0.53 -16.90   50.7   4.00   45.6   45.6  MAG+AMP+PHASE
DE-Zrk    4  63  -0.08  -1.07   0.45  0.15  0.61  -0.09  129.9   1.13   91.9  -62.8  MAG+AMP
FI-Lom    4  60   0.23  -0.07   0.47  0.48  0.81   0.25   47.5   0.84   30.9  -29.9  MAG+AMP
FI-Si2    3  28   0.58   0.49   0.98  0.63  0.79   0.60   24.9   0.36   19.9   -1.5  OVERLAP
FI-Sii    4  61   0.21  -0.06   0.54  0.45  0.68   0.15   41.4   0.83   27.4  -23.0  AMP
FR-LGt    4  20  -5.63  -1.54   7.17  3.14 -0.12 -36.00   38.0   7.45   31.8   31.4  MAG+PHASE
JP-BBY    3  39   0.33   0.25   0.73  0.62  0.52   0.12   44.4   0.66   30.9  -18.0  OVERLAP
MY-MLM    7  19 -40.11  -3.79  20.02 37.44  0.09 -6238.40  867.1  21.59  764.0  764.0  MAG+AMP+PHASE
NZ-Kop    3  48  -4.33  -1.29   5.73  3.29  0.12 -135.93  303.0   4.94  290.6  290.6  MAG+AMP+PHASE
SE-Deg    4  50   0.22  -0.10   0.46  0.48  0.78   0.13   32.0   0.81   22.5  -21.2  MAG+AMP
US-Los    4  59  -0.17   0.16   2.08  1.40  0.77  -0.85   34.1   1.43   26.6   25.7  MAG
US-Myb    5  99  -0.13   0.19   2.03  1.39  0.77  -1.59  215.6   1.23  181.9  180.2  MAG
US-Sne    5  24   0.01   0.28   1.92  1.34  0.93  -1.06  156.9   1.00  144.9  144.9  PHASE
US-Srr    6  34 -98.19  -5.04  77.93 63.61  0.51 -19416.89  339.0  86.28  302.2  302.2  MAG+AMP
US-StJ    6   9  -4.86  -1.32   5.07  5.22  0.85 -72.75  222.3   4.74  191.0  191.0  MAG+AMP
US-Tw1    5  91   0.13   0.29   1.68  1.43  0.67  -1.27  165.7   0.97  137.1  117.4  OVERLAP
US-Tw4    5  61  -0.50  -0.05   2.07  2.02  0.71  -3.80  171.0   1.45  129.1  125.9  MAG+AMP
US-Tw5    5   9   0.86   0.86   1.08  0.94  0.89   0.77   72.7   0.23   63.9   24.3  OVERLAP
US-Uaf    1  46 -66.94  -4.53  54.48 42.90  0.29 -5874.75  257.8  64.34  214.3  214.3  MAG+AMP+PHASE
US-WPT    5  34  -0.47  -4.07   0.03  0.03  0.47  -1.05  261.8   1.34  189.5 -189.5  MAG+AMP+PHASE

scored 23; median KGEln -0.10; KGEln>0.3: 3; legacy OVERLAP: 5
