site cls  n   KGE  KGEln  beta alpha    r    NSE   RMSE  nRMSE    MAE   bias  legacy
BR-Npw    7  29  -7.25  -1.73   6.70  6.95  0.70 -75.66  743.6   8.21  516.7  516.7  MAG+AMP
CA-SCB    3  21   0.64   0.61   0.78  0.83  0.77   0.44   29.1   0.43   22.0  -14.9  OVERLAP
DE-Hte    6  84  -0.21  -1.60   0.21  0.13  0.72  -0.76  221.6   1.09  164.8 -161.3  MAG+AMP
DE-SfN    3  28  -2.76  -0.76   4.53  2.19  0.54 -16.39   50.0   3.94   44.8   44.8  MAG+AMP+PHASE
DE-Zrk    4  63  -0.12  -1.17   0.42  0.14  0.58  -0.14  132.7   1.16   93.2  -66.1  MAG+AMP
FI-Lom    4  60   0.22  -0.09   0.46  0.47  0.82   0.24   47.9   0.85   31.2  -30.5  MAG+AMP
FI-Si2    3  28   0.55   0.45   0.94  0.60  0.80   0.59   25.2   0.37   19.9   -3.8  OVERLAP
FI-Sii    4  61   0.18  -0.14   0.51  0.42  0.68   0.10   42.5   0.85   28.2  -24.5  AMP
FR-LGt    4  20  -4.46  -1.37   6.00  2.88 -0.13 -25.68   32.2   6.32   26.2   25.5  MAG+PHASE
JP-BBY    3  39   0.32   0.24   0.72  0.63  0.50   0.08   45.5   0.68   32.0  -18.8  OVERLAP
MY-MLM    7  19 -36.08  -3.65  18.06 33.91  0.09 -5038.96  779.3  19.40  685.1  685.1  MAG+AMP+PHASE
NZ-Kop    3  48  -5.02  -1.43   6.42  3.45  0.05 -176.33  344.8   5.62  332.4  332.4  MAG+AMP+PHASE
SE-Deg    4  50   0.21  -0.12   0.44  0.48  0.79   0.12   32.2   0.82   22.8  -21.8  MAG+AMP
US-Los    4  59  -0.18   0.16   2.08  1.42  0.77  -0.88   34.4   1.44   26.5   25.8  MAG
US-Myb    5  99  -0.27   0.12   2.17  1.44  0.82  -2.05  233.9   1.34  205.5  205.0  MAG
US-Sne    5  24   0.12   0.34   1.83  1.28  0.93  -0.69  142.0   0.90  130.3  130.3  OVERLAP
US-Srr    6  34 -85.41  -4.86  66.04 57.89  0.43 -14335.63  291.2  74.14  255.5  255.5  MAG+AMP
US-StJ    6   9  -4.27  -1.20   4.68  4.77  0.85 -59.19  200.8   4.28  172.9  172.9  MAG+AMP
US-Tw1    5  91   0.17   0.32   1.66  1.39  0.69  -1.08  158.4   0.92  131.0  113.5  OVERLAP
US-Tw4    5  61  -0.35   0.03   2.01  1.85  0.73  -3.04  156.9   1.33  122.2  119.5  MAG+AMP
US-Tw5    5   9   0.86   0.86   1.06  0.93  0.90   0.79   69.8   0.22   63.1   18.6  OVERLAP
US-Uaf    1  46 -20.20  -2.90  20.05 10.26  0.09 -618.34   83.7  20.89   76.3   76.3  MAG+AMP+PHASE
US-WPT    5  34  -0.39  -4.20   0.03  0.02  0.79  -1.03  261.0   1.34  189.2 -189.2  MAG+AMP

scored 23; median KGEln -0.14; KGEln>0.3: 5; legacy OVERLAP: 6
