site cls  n   KGE  KGEln  beta alpha    r    NSE   RMSE  nRMSE    MAE   bias  legacy
BR-Npw    7  29  -4.74  -1.32   4.82  5.26  0.59 -38.07  530.9   5.86  349.1  346.0  MAG+AMP
CA-SCB    3  21   0.17  -0.21   0.42  0.44  0.81  -0.51   47.7   0.71   39.5  -39.5  MAG+AMP
DE-Hte    6  84  -0.32  -2.69   0.08  0.07  0.84  -1.14  243.9   1.20  186.6 -186.0  MAG+AMP
DE-SfN    3  28  -0.61  -0.05   2.52  1.28  0.55  -2.80   23.4   1.84   19.3   19.3  MAG+PHASE
DE-Zrk    4  63  -0.20  -1.66   0.24  0.11  0.77  -0.34  144.0   1.26   95.5  -87.3  MAG+AMP
FI-Lom    4  60  -0.15  -1.31   0.19  0.20  0.82  -0.40   65.2   1.15   45.9  -45.9  MAG+AMP
FI-Si2    3  28   0.24  -0.06   0.59  0.41  0.75  -0.07   40.7   0.59   29.1  -28.4  OVERLAP
FI-Sii    4  61  -0.04  -0.75   0.35  0.26  0.67  -0.25   50.0   1.01   33.3  -32.5  MAG+AMP
FR-LGt    4  20  -1.81  -0.74   3.54  1.36 -0.16  -6.58   17.2   3.37   14.6   12.9  MAG+PHASE
JP-BBY    3  39  -0.11  -0.74   0.30  0.32  0.46  -0.78   63.2   0.94   47.4  -46.7  MAG+AMP
MY-MLM    7  19 -31.93  -3.50  16.03 30.28  0.05 -3938.84  689.0  17.15  603.8  603.8  MAG+AMP+PHASE
NZ-Kop    3  48  -0.37  -0.24   1.85  0.82 -0.06  -4.83   62.5   1.02   52.2   52.2  PHASE
SE-Deg    4  50   0.03  -0.60   0.30  0.36  0.81  -0.19   37.5   0.96   27.6  -27.5  MAG+AMP
US-Los    4  59   0.67   0.68   1.25  0.92  0.80   0.56   16.6   0.70   11.9    6.0  OVERLAP
US-Myb    5  99   0.43   0.51   1.51  1.08  0.75   0.02  132.8   0.76  105.2   88.8  OVERLAP
US-Sne    5  24   0.58   0.55   1.26  0.68  0.92   0.65   64.9   0.41   57.8   40.6  PHASE
US-Srr    6  34 -62.64  -4.45  46.46 45.53  0.40 -7427.67  209.6  53.37  178.6  178.6  MAG+AMP
US-StJ    6   9  -5.05  -1.36   5.16  5.39  0.87 -76.55  227.9   4.86  195.3  195.3  MAG+AMP
US-Tw1    5  91   0.58   0.58   1.12  1.00  0.60   0.16  100.6   0.59   75.7   21.2  OVERLAP
US-Tw4    5  61   0.40   0.49   1.35  1.45  0.83   0.02   77.3   0.65   53.5   41.1  OVERLAP
US-Tw5    5   9   0.59   0.53   0.82  0.67  0.85   0.55  102.5   0.32   88.3  -56.6  OVERLAP
US-Uaf    1  46 -40.39  -3.86  32.57 27.76  0.31 -2167.37  156.6  39.09  126.5  126.5  MAG+AMP+PHASE
US-WPT    5  34  -0.45  -4.13   0.03  0.03  0.53  -1.05  261.7   1.34  189.6 -189.6  MAG+AMP

scored 23; median KGEln -0.74; KGEln>0.3: 6; legacy OVERLAP: 6
